,City ID,City,Country,Date,Cloudiness,Humidity,Latitude,Longitude,Max Temp,Wind Speed
0,2110227,Butaritari,KI,1592201293,69,72,3.07,172.79,301.65,2.49
1,6201424,Mataura,NZ,1592201294,100,79,-46.19,168.86,281.07,2.06
2,1015776,Bredasdorp,ZA,1592201294,52,93,-34.53,20.04,284.15,0.19
3,1784853,Zhaoqing,CN,1592201294,96,70,23.05,112.46,304.28,3.11
4,4030556,Rikitea,PF,1592201294,93,87,-23.12,-134.97,297.44,4.68
5,3424607,Tasiilaq,GL,1592201295,100,95,65.61,-37.64,276.15,10.8
6,1633419,Padang,ID,1592201295,61,70,-0.95,100.35,303.01,1.98
7,5110365,Broome,US,1592201295,1,70,42.25,-75.83,282.15,3.1
8,5554428,Ketchikan,US,1592201296,90,71,55.34,-131.65,286.15,5.1
9,220448,Aketi,CD,1592201224,98,93,2.74,23.78,295.4,1.2
10,2063036,Port Lincoln,AU,1592201296,22,72,-34.73,135.87,290.09,7.7
11,2017155,Saskylakh,RU,1592201296,66,32,71.92,114.08,289.43,5.88
12,3689325,Bahía Solano,CO,1592201297,91,80,6.23,-77.4,299.23,1.07
13,5880054,Barrow,US,1592201297,1,80,71.29,-156.79,278.15,5.7
14,5972762,Hay River,CA,1592201298,75,93,60.82,-115.8,278.15,4.6
15,5122534,Jamestown,US,1592201195,1,58,42.1,-79.24,287.04,3.6
16,5856516,‘Āhuimanu,US,1592201137,40,54,21.44,-157.84,302.15,5.7
17,1106643,Quatre Cocos,MU,1592201299,40,64,-20.21,57.76,297.59,5.7
18,779261,Kjøllefjord,NO,1592201299,75,70,70.95,27.35,281.15,12.3
19,1489656,Teya,RU,1592201299,76,45,60.38,92.63,287.95,5.22
20,4031637,Lavrentiya,RU,1592201299,71,62,65.58,-171.0,283.68,1.46
21,3697441,El Alto,PE,1592201300,72,87,-4.27,-81.21,290.65,5.13
22,758626,Sokołów Podlaski,PL,1592201300,0,74,52.41,22.25,289.26,1.56
23,3393783,Novo Oriente,BR,1592201300,71,90,-5.53,-40.77,294.43,2.25
24,3883457,Lebu,CL,1592201300,99,72,-37.62,-73.65,281.45,5.14
25,3457202,Miguel Calmon,BR,1592201301,50,93,-11.43,-40.59,291.52,2.18
26,3372707,Ribeira Grande,PT,1592201301,6,79,38.52,-28.7,289.98,7.63
27,5848280,Kapaa,US,1592201301,75,74,22.08,-159.32,299.15,7.2
28,3654410,Manta,EC,1592201302,99,88,-0.95,-80.73,295.47,4.29
29,2074865,Carnarvon,AU,1592201257,8,32,-24.87,113.63,298.11,5.3
30,2012530,Zhigansk,RU,1592201302,63,39,66.77,123.37,291.09,5.48
31,1649150,Bengkulu,ID,1592201303,68,62,-3.8,102.27,303.63,3.83
32,3929493,San Juan Bautista,PE,1592201303,75,88,-14.01,-75.74,290.15,3.6
33,3418910,Upernavik,GL,1592201303,81,94,72.79,-56.15,273.39,5.04
34,3412093,Vestmannaeyjar,IS,1592201304,100,97,63.44,-20.27,282.79,8.52
35,2163355,Hobart,AU,1592201051,75,54,-42.88,147.33,288.15,8.7
36,1282256,Hithadhoo,MV,1592201305,58,71,-0.6,73.08,302.42,3.46
37,1244926,Hambantota,LK,1592201305,20,52,6.12,81.12,307.15,9.3
38,3470137,Belmonte,BR,1592201305,90,88,-15.86,-38.88,295.15,2.6
39,6185377,Yellowknife,CA,1592201245,75,58,62.46,-114.35,288.15,9.8
40,2027042,Batagay-Alyta,RU,1592201306,64,30,67.8,130.41,293.81,2.77
41,3369157,Cape Town,ZA,1592201306,20,100,-33.93,18.42,287.59,1.0
42,3366880,Hermanus,ZA,1592201306,19,96,-34.42,19.23,281.48,4.11
43,3652764,Puerto Ayora,EC,1592201307,14,92,-0.74,-90.35,294.82,2.24
44,1056899,Sambava,MG,1592201307,94,66,-14.27,50.17,297.59,6.51
45,2206939,Bluff,NZ,1592201307,100,69,-46.6,168.33,286.27,8.2
46,3471451,Arraial do Cabo,BR,1592201308,91,82,-22.97,-42.03,294.5,6.88
47,1856392,Muroto-misakicho,JP,1592201308,75,88,33.28,134.15,299.15,3.6
48,2128975,Nemuro,JP,1592201308,75,68,43.32,145.57,293.15,4.1
49,362973,Abnūb,EG,1592201308,0,53,27.27,31.15,296.15,5.1
50,3421719,Narsaq,GL,1592201309,0,64,60.92,-46.05,277.15,3.1
51,3466980,Caravelas,BR,1592201309,45,75,-17.71,-39.25,296.84,4.38
52,4020109,Atuona,PF,1592201309,41,77,-9.8,-139.03,299.94,6.45
53,3985710,Cabo San Lucas,MX,1592201309,0,51,22.89,-109.91,302.59,0.89
54,561146,Glubokiy,RU,1592201310,29,56,48.52,40.33,296.07,8.08
55,6094817,Ottawa,CA,1592201024,5,66,45.41,-75.7,284.15,1.0
56,1735106,George Town,MY,1592201310,20,74,5.41,100.34,305.15,3.6
57,5746545,Portland,US,1592201039,100,75,45.52,-122.68,289.26,1.31
58,3353715,Outjo,NA,1592201311,0,49,-20.12,16.15,282.05,3.01
59,964406,Port Shepstone,ZA,1592201311,0,38,-30.74,30.45,286.59,3.43
60,4034551,Faanui,PF,1592201312,98,80,-16.48,-151.75,299.96,4.81
61,2264557,Ponta do Sol,PT,1592201312,40,77,32.67,-17.1,293.15,3.1
62,3874787,Punta Arenas,CL,1592201312,100,100,-53.15,-70.92,276.15,3.6
63,3139597,Sistranda,NO,1592201312,75,100,63.73,8.83,287.15,2.6
64,2015306,Tiksi,RU,1592201313,69,53,71.69,128.87,285.02,4.92
65,609906,Fort-Shevchenko,KZ,1592201313,92,29,44.51,50.26,305.19,10.22
66,3833367,Ushuaia,AR,1592201313,75,74,-54.8,-68.3,274.15,3.33
67,1855342,Nishihara,JP,1592201314,40,62,26.18,127.76,305.15,7.2
68,4032243,Vaini,TO,1592201314,40,73,-21.2,-175.2,296.15,5.7
69,286621,Salalah,OM,1592201314,40,70,17.02,54.09,305.15,2.1
70,986717,Kruisfontein,ZA,1592201314,99,87,-34.0,24.73,283.68,2.66
71,4013679,Coahuayana Viejo,MX,1592201315,90,79,18.73,-103.68,298.61,0.21
72,2138555,Poum,NC,1592201315,4,71,-20.23,164.02,297.25,6.94
73,934322,Mahébourg,MU,1592201315,40,64,-20.41,57.7,297.15,5.7
74,5866583,Saint Paul Harbor,US,1592201316,75,62,57.79,-152.41,286.15,2.1
75,1702348,Mambajao,PH,1592201316,81,73,9.25,124.72,301.81,3.98
76,2155415,New Norfolk,AU,1592201317,96,84,-42.78,147.06,287.04,2.24
77,2112309,Katsuura,JP,1592201317,75,58,35.13,140.3,305.93,6.2
78,2019951,Mirny,RU,1592201318,40,56,62.54,113.96,296.15,4.0
79,6098747,Parry Sound,CA,1592201318,0,88,45.35,-80.03,284.26,1.35
80,3137469,Sørland,NO,1592201318,90,93,67.67,12.69,282.15,2.6
81,5924351,Clyde River,CA,1592201319,1,94,70.47,-68.59,274.15,7.7
82,5546220,Saint George,US,1592201319,1,13,37.1,-113.58,300.15,2.1
83,6167817,Torbay,CA,1592201319,90,100,47.67,-52.73,279.82,4.1
84,1803331,Linxia Chengguanzhen,CN,1592201320,95,59,35.6,103.21,292.5,1.47
85,5859699,College,US,1592201320,40,59,64.86,-147.8,293.15,0.52
86,5394329,Selma,US,1592201055,19,56,36.57,-119.61,299.15,4.27
87,1529484,Kumul,CN,1592201321,83,11,42.8,93.45,306.66,4.52
88,2075265,Busselton,AU,1592201321,87,46,-33.65,115.33,291.48,4.69
89,2084442,Vanimo,PG,1592201321,83,70,-2.67,141.3,302.73,3.94
90,2109528,Buala,SB,1592201321,99,76,-8.14,159.59,301.48,4.26
91,1223738,Weligama,LK,1592201322,75,71,5.97,80.42,303.68,6.5
92,3832899,Viedma,AR,1592201302,14,53,-40.81,-63.0,280.76,5.93
93,2122850,Nikolayevsk-on-Amur,RU,1592201323,100,74,53.14,140.73,281.84,2.53
94,2070998,Geraldton,AU,1592201323,0,40,-28.77,114.6,294.15,4.1
95,2180815,Tuatapere,NZ,1592201324,100,77,-46.13,167.68,285.12,2.53
96,363885,Wau,SS,1592201324,61,84,7.7,28.0,296.96,1.64
97,1734098,Keningau,MY,1592201324,20,70,5.34,116.16,305.15,2.1
98,3996737,Rodolfo Sánchez Taboada,MX,1592201324,5,84,31.72,-116.57,291.48,0.45
99,2127202,Anadyr,RU,1592201325,20,81,64.75,177.48,280.15,7.0
100,5983720,Iqaluit,CA,1592201034,75,96,63.75,-68.51,273.15,6.7
101,2634739,Warrington,GB,1592201325,100,100,53.39,-2.58,290.37,1.0
102,3423146,Ilulissat,GL,1592201076,100,97,69.22,-51.1,273.15,3.6
103,3899695,Ancud,CL,1592201326,20,100,-41.87,-73.82,280.93,2.1
104,5282297,Bethel,US,1592201326,1,93,41.37,-73.41,284.26,1.13
105,884927,Mutoko,ZW,1592201326,2,78,-17.4,32.23,286.11,0.7
106,3892454,Diego de Almagro,CL,1592201326,71,65,-26.37,-70.05,281.86,0.71
107,3385899,Tutóia,BR,1592201327,18,91,-2.76,-42.27,297.31,3.37
108,3132893,Våler,NO,1592201327,0,63,60.68,11.83,290.93,2.1
109,3867427,Mayor Pablo Lagerenza,PY,1592201327,0,70,-19.93,-60.77,286.2,0.75
110,1714733,Dingle,PH,1592201327,90,61,11.0,122.67,305.07,5.15
111,2236967,Soyo,AO,1592201328,75,83,-6.13,12.37,296.15,2.6
112,4031574,Provideniya,RU,1592201328,89,58,64.38,-173.3,286.15,1.0
113,2123814,Leningradskiy,RU,1592201328,40,73,69.38,178.42,280.84,1.89
114,2381972,Adrar,MR,1592201328,0,21,20.5,-10.07,306.02,9.3
115,4035715,Avarua,CK,1592201329,75,73,-21.21,-159.78,294.15,5.1
116,5557293,Sitka,US,1592201157,90,87,57.05,-135.33,283.15,2.6
117,3466165,Cidreira,BR,1592201329,0,74,-30.18,-50.21,285.7,5.11
118,1687894,Santa Rosa,PH,1592201174,75,70,14.31,121.11,304.15,4.6
119,1512019,Aksarka,RU,1592201330,57,44,66.56,67.8,286.13,5.24
120,6170031,Tuktoyaktuk,CA,1592201330,20,54,69.45,-133.04,288.15,5.1
121,4036284,Alofi,NU,1592201331,67,83,-19.06,-169.92,295.15,7.7
122,2413419,Gunjur,GM,1592201331,40,88,13.2,-16.73,298.15,5.1
123,1538641,Kedrovyy,RU,1592201331,40,51,56.17,91.82,290.15,5.0
124,1006984,East London,ZA,1592201331,11,50,-33.02,27.91,287.82,5.83
125,2460954,Araouane,ML,1592201332,2,15,18.9,-3.53,307.94,7.79
126,587207,Artyom,AZ,1592201332,0,27,40.47,50.33,305.15,8.2
127,584991,Şuraabad,AZ,1592201332,0,27,40.82,49.47,305.15,8.2
128,1637001,Luwuk,ID,1592201226,32,74,-0.95,122.79,301.67,3.35
129,2022572,Khatanga,RU,1592201333,91,40,71.97,102.5,287.86,7.82
130,3347353,Menongue,AO,1592201333,0,68,-14.66,17.69,282.73,1.76
131,6165406,Thompson,CA,1592201334,40,56,55.74,-97.86,295.15,1.5
132,780687,Berlevåg,NO,1592201334,75,65,70.86,29.09,281.15,13.9
133,1794971,Shitanjing,CN,1592201334,68,30,39.23,106.34,298.89,9.46
134,1718234,Caruray,PH,1592201335,100,74,10.31,119.01,300.91,1.1
135,3904906,Santa Cruz de la Sierra,BO,1592201335,1,87,-17.8,-63.17,288.15,1.5
136,2374583,Bubaque,GW,1592201335,79,85,11.28,-15.83,300.1,5.37
137,2152659,Port Macquarie,AU,1592201336,0,39,-31.43,152.92,292.15,2.1
138,5106841,Albany,US,1592201336,24,63,42.6,-73.97,285.37,1.24
139,3460785,Itanhém,BR,1592201336,20,92,-17.17,-40.33,291.29,1.86
140,2028164,Deputatsky,RU,1592201337,80,34,69.3,139.9,294.42,4.7
141,2122090,Pevek,RU,1592201337,9,83,69.7,170.31,277.81,3.8
142,1309793,Meiktila,MM,1592201338,97,47,20.87,95.87,308.04,6.93
143,2169535,Dalby,AU,1592201338,63,42,-27.18,151.27,295.37,0.89
144,5870133,Nome,US,1592201338,1,58,64.5,-165.41,293.71,4.6
145,2186111,Ngunguru,NZ,1592201338,51,83,-35.62,174.5,287.59,3.13
146,2017215,Sangar,RU,1592201339,36,52,63.92,127.47,293.59,0.69
147,1807339,Huangmei,CN,1592201339,65,67,30.19,116.03,305.11,3.1
148,3897347,Calama,CL,1592201135,0,30,-22.47,-68.93,278.15,8.2
149,3414079,Olafsvik,IS,1592201339,93,84,64.89,-23.71,281.1,6.17
150,1633034,Palu,ID,1592201339,40,79,-0.89,119.87,301.79,1.58
151,2092164,Lorengau,PG,1592201340,97,67,-2.02,147.27,302.99,3.81
152,3466704,Castro,BR,1592201340,85,90,-24.79,-50.01,284.88,4.8
153,3831208,Qaanaaq,GL,1592201340,0,75,77.48,-69.36,275.98,3.22
154,2458624,Diré,ML,1592201341,67,67,12.28,-10.97,300.27,1.45
155,2015179,Tommot,RU,1592201341,23,58,58.96,126.29,290.98,3.23
156,474370,Verkhoshizhem'ye,RU,1592201341,43,50,58.01,49.1,293.1,1.22
157,6316343,Alta Floresta,BR,1592201342,0,75,-9.88,-56.09,292.88,1.51
158,4031742,Egvekinot,RU,1592201342,48,73,66.32,-179.17,281.01,2.37
159,4362001,Mayo,US,1592201342,1,72,38.89,-76.51,292.04,4.1
160,1253628,Ginda,IN,1592201342,0,26,30.69,78.49,302.51,2.43
161,935215,Saint-Philippe,RE,1592201343,36,73,-21.36,55.77,297.04,8.2
162,1490256,Talnakh,RU,1592201343,93,61,69.49,88.4,283.15,10.0
163,6324729,Halifax,CA,1592201275,96,75,44.65,-63.57,284.82,2.51
164,3663684,Lábrea,BR,1592201343,100,98,-7.26,-64.8,295.51,1.34
165,1214488,Meulaboh,ID,1592201344,56,66,4.14,96.13,303.9,3.81
166,2013279,Vostok,RU,1592201344,69,89,46.49,135.88,285.55,1.1
167,4752665,Christiansburg,US,1592201196,100,97,37.13,-80.41,287.04,1.01
168,1736458,Kudat,MY,1592201344,75,79,6.88,116.85,302.15,2.1
169,1855540,Naze,JP,1592201345,75,79,28.37,129.48,303.15,5.7
170,1819729,Hong Kong,HK,1592201161,46,70,22.29,114.16,305.93,4.92
171,6096551,Pangnirtung,CA,1592201345,52,94,66.15,-65.71,272.48,0.36
172,3430863,Mar del Plata,AR,1592201346,15,69,-38.0,-57.56,280.37,5.1
173,1507390,Dikson,RU,1592201346,11,95,73.51,80.55,272.91,3.37
174,546105,Nikolskoye,RU,1592201346,32,52,59.7,30.79,292.59,4.0
175,3155152,Gravdal,NO,1592201346,75,93,68.12,13.5,281.15,3.1
176,3407882,Altamira,BR,1592201347,65,81,-3.2,-52.21,294.79,1.04
177,3354071,Oranjemund,NA,1592201347,42,45,-28.55,16.43,284.87,5.02
178,4033557,Tautira,PF,1592201347,40,83,-17.73,-149.15,299.15,1.0
179,710473,Chyhyryn,UA,1592201347,2,69,49.08,32.66,295.34,1.32
180,72181,Marzuq,YE,1592201348,98,18,14.4,46.47,304.85,1.25
181,686090,Asău,RO,1592201348,95,90,46.43,26.4,290.37,1.94
182,6063989,Madoc,CA,1592201348,36,66,44.51,-77.47,284.26,1.52
183,5391295,Salinas,US,1592201299,1,72,36.68,-121.66,290.15,3.1
184,498711,Sarai,RU,1592201349,50,75,53.75,41.02,289.4,6.18
185,123941,Mīnāb,IR,1592201144,0,63,27.15,57.08,308.15,4.1
186,2377457,Nouadhibou,MR,1592201349,2,45,20.93,-17.03,301.15,9.3
187,2633274,Akureyri,IS,1592201350,53,66,65.68,-18.09,284.15,15.9
188,5855927,Hilo,US,1592201288,75,69,19.73,-155.09,298.15,2.1
189,5445298,Dodge City,US,1592201217,1,38,37.75,-100.02,297.15,9.8
190,3374462,Mindelo,CV,1592201350,0,65,16.89,-24.98,299.15,6.7
191,702612,Lukiv,UA,1592201351,43,85,51.05,25.4,290.93,0.89
192,5969025,Haines Junction,CA,1592201351,88,76,60.75,-137.51,282.96,1.21
193,6089245,Norman Wells,CA,1592201351,90,55,65.28,-126.83,291.15,5.7
194,5861897,Fairbanks,US,1592201077,1,56,64.84,-147.72,293.15,1.5
195,2121373,Seymchan,RU,1592201352,74,26,62.88,152.43,298.4,2.11
196,1264976,Leh,IN,1592201352,5,34,34.17,77.58,286.01,2.47
197,611373,Tsnori,GE,1592201352,20,35,41.62,45.97,302.15,2.1
198,5955902,Fort Nelson,CA,1592201353,90,100,58.81,-122.7,284.15,3.1
199,3572462,Dunmore Town,BS,1592201353,100,80,25.5,-76.65,299.36,5.62
200,2112802,Hasaki,JP,1592201353,75,62,35.73,140.83,309.26,5.7
201,3451138,Rio Grande,BR,1592201353,0,67,-32.03,-52.1,282.79,3.23
202,6166142,Thunder Bay,CA,1592201287,20,75,48.4,-89.32,280.15,2.6
203,1566166,Thanh Hoa,VN,1592201354,100,79,19.8,105.77,302.01,1.16
204,5364271,Laguna,US,1592201354,1,64,38.42,-121.42,293.15,2.6
205,550512,Kharovsk,RU,1592201354,0,54,59.96,40.19,292.02,2.24
206,3421765,Nanortalik,GL,1592201123,60,87,60.14,-45.24,276.27,7.48
207,2208248,Kaitangata,NZ,1592201355,100,66,-46.28,169.85,284.26,1.79
208,7873725,Schruns,AT,1592201355,100,93,47.07,9.95,287.04,1.5
209,1045114,Inhambane,MZ,1592201356,20,93,-23.86,35.38,286.15,1.87
210,2126123,Chokurdakh,RU,1592201356,81,26,70.63,147.92,300.27,7.93
211,237379,Ndélé,CF,1592201356,100,91,8.41,20.65,296.3,1.62
212,3346015,Sumbe,AO,1592201356,4,75,-11.21,13.84,294.1,1.97
213,2647356,Hastings,GB,1592201357,15,100,50.86,0.57,287.59,2.6
214,3932145,Pisco,PE,1592201357,75,88,-13.7,-76.22,290.15,3.6
215,1490085,Tarko-Sale,RU,1592201357,51,55,64.92,77.78,283.71,10.07
216,3374083,Bathsheba,BB,1592201357,75,83,13.22,-59.52,300.15,8.7
217,3041732,Mariehamn,AX,1592201358,5,48,60.1,19.93,291.15,4.1
218,3893726,Constitución,CL,1592201358,19,82,-35.33,-72.42,282.26,5.26
219,2122605,Okhotsk,RU,1592201358,76,68,59.38,143.3,283.7,2.85
220,3389609,Santa Inês,BR,1592201359,50,97,-3.67,-45.38,295.55,0.97
221,1279945,Jiuquan,CN,1592201359,100,24,39.74,98.52,298.66,0.55
222,1283285,Jumla,NP,1592201359,12,91,29.27,82.18,294.82,0.45
223,3652567,Quevedo,EC,1592201359,96,90,-1.03,-79.45,296.04,1.18
224,5767918,Pierre,US,1592201360,1,56,44.37,-100.35,298.15,5.1
225,3489657,Lucea,JM,1592201360,20,83,18.45,-78.17,300.15,2.1
226,2171099,Codrington,AU,1592201360,75,78,-38.27,141.97,286.97,5.63
227,2643044,Margate,GB,1592201284,24,86,51.38,1.39,290.37,0.45
228,3450083,Santa Maria,BR,1592201361,1,82,-29.68,-53.81,278.76,3.4
229,3520994,Puerto Escondido,MX,1592201361,100,77,15.85,-97.07,300.42,1.79
230,3430443,Necochea,AR,1592201361,35,75,-38.55,-58.74,278.15,3.13
231,1083724,Ambanja,MG,1592201361,51,53,-13.68,48.45,298.24,1.3
232,2618795,Klaksvík,FO,1592201362,5,100,62.23,-6.59,282.15,2.68
233,4469160,Greenville,US,1592201362,40,72,35.61,-77.37,291.15,3.1
234,2125711,Esso,RU,1592201362,99,26,55.93,158.7,292.83,2.28
235,3443061,Chui,UY,1592201362,0,80,-33.7,-53.46,278.98,1.67
236,3358670,Arandis,NA,1592201363,0,28,-22.42,14.97,289.5,6.36
237,5126555,Melville,US,1592201340,1,67,40.79,-73.42,289.15,2.1
238,1495385,Pelym,RU,1592201363,3,38,61.01,62.0,294.19,4.31
239,561698,Gayny,RU,1592201364,1,44,60.31,54.32,294.76,3.45
240,5882953,Aklavik,CA,1592201364,20,25,68.22,-135.01,296.15,5.1
241,88834,Tūkrah,LY,1592201364,0,27,32.53,20.58,302.85,7.98
242,3865086,Bahía Blanca,AR,1592201364,49,47,-38.72,-62.27,282.47,5.08
243,2240449,Luanda,AO,1592200855,75,78,-8.84,13.23,297.15,2.1
244,2155562,Nelson Bay,AU,1592201365,0,45,-32.72,152.15,291.15,4.6
245,3870282,Talcahuano,CL,1592201365,66,100,-36.72,-73.12,281.15,5.1
246,364933,Umm Kaddadah,SD,1592201365,28,46,13.6,26.69,301.78,5.31
247,2165087,Gold Coast,AU,1592201366,96,64,-28.0,153.43,295.93,5.1
248,2396853,Omboué,GA,1592201366,20,93,-1.57,9.26,295.56,1.45
249,3985168,San Patricio,MX,1592201366,9,79,19.22,-104.7,298.71,1.81
250,695643,Reshetylivka,UA,1592201367,53,75,49.56,34.08,296.36,2.69
251,779683,Hammerfest,NO,1592201367,75,81,70.66,23.68,279.15,15.4
252,1501000,Kyshtovka,RU,1592201367,41,62,56.55,76.63,286.66,4.71
253,2077895,Alice Springs,AU,1592201367,19,28,-23.7,133.88,293.15,4.1
254,2025630,Chara,RU,1592201368,94,41,56.91,118.26,294.77,1.81
255,2063042,Port Hedland,AU,1592201368,0,19,-20.32,118.57,303.15,5.1
256,3359736,Vredendal,ZA,1592201369,22,83,-31.67,18.5,282.94,1.15
257,187896,Mandera,KE,1592201369,94,52,3.94,41.87,300.67,8.23
258,5404476,Ukiah,US,1592201235,1,55,39.15,-123.21,291.15,2.6
259,3466307,Chapada dos Guimarães,BR,1592201369,90,83,-15.46,-55.75,295.15,3.1
260,934479,Grand Gaube,MU,1592201370,12,62,-20.01,57.66,297.59,5.36
261,1499042,Melioratorov,RU,1592201370,30,48,57.21,65.61,292.15,5.0
262,2270385,Camacha,PT,1592201370,20,88,33.08,-16.33,293.15,4.1
263,1567148,Tam Ky,VN,1592201370,40,52,15.57,108.48,307.15,2.6
264,1511646,Andra,RU,1592201371,12,37,62.51,65.89,291.07,4.28
265,1648636,Bitung,ID,1592201283,75,94,1.45,125.18,298.15,2.6
266,5012495,Traverse City,US,1592201371,1,58,44.76,-85.62,285.15,2.71
267,3356832,Henties Bay,NA,1592201372,0,38,-22.12,14.28,290.57,2.58
268,537939,Kuzhener,RU,1592201372,18,63,56.81,48.91,290.72,0.78
269,1489822,Tegul'det,RU,1592201373,59,59,57.31,88.17,287.41,4.27
270,3409644,Corrente,BR,1592201373,36,99,-3.74,-43.34,295.11,0.89
271,1853483,Oyama,JP,1592201373,75,48,36.3,139.8,308.15,1.5
272,3393692,Itarema,BR,1592201373,4,88,-2.92,-39.92,297.34,4.69
273,5367788,Lompoc,US,1592201374,90,93,34.64,-120.46,286.15,4.6
274,2108502,Honiara,SB,1592201374,75,83,-9.43,159.95,302.15,3.1
275,1266710,Khirkiya,IN,1592201374,86,42,22.17,76.86,309.32,3.06
276,2120591,Tilichiki,RU,1592201375,88,63,60.47,166.1,284.15,3.08
277,3172394,Naples,IT,1592201324,20,77,40.83,14.25,294.26,1.5
278,2294915,Takoradze,GH,1592201375,96,89,4.88,-1.76,298.6,3.82
279,3944399,Chancay,PE,1592201375,90,88,-11.57,-77.27,290.15,2.6
280,1508260,Novobirilyussy,RU,1592201376,75,42,56.95,90.67,289.62,4.23
281,3943957,Chilca,PE,1592201376,90,88,-12.52,-76.74,290.15,2.6
282,4972220,Millinocket,US,1592201376,75,81,45.66,-68.71,283.15,1.4
283,1520381,Ordzhonīkīdze,KZ,1592201377,0,37,52.44,61.74,291.1,5.42
284,6173361,Vanderhoof,CA,1592201377,100,56,54.02,-124.02,284.52,4.02
285,1863997,Fukuechō,JP,1592201377,75,88,32.69,128.84,297.15,3.6
286,3401148,Cururupu,BR,1592201378,78,97,-1.83,-44.87,296.44,0.94
287,4470244,Havelock,US,1592201378,75,88,34.88,-76.9,293.15,6.2
288,57000,Hobyo,SO,1592201378,27,56,5.35,48.53,302.09,10.14
289,1737714,Limbang,MY,1592201379,75,59,4.75,115.0,306.15,4.6
290,3441890,Departamento de Maldonado,UY,1592201379,0,86,-34.67,-54.92,277.59,2.1
291,1512223,Abalak,RU,1592201379,17,39,58.13,68.59,290.82,4.99
292,300058,Susurluk,TR,1592201380,40,73,39.91,28.16,294.15,3.99
293,110690,Faya,SA,1592201380,57,17,18.39,42.45,299.15,2.6
294,3419842,Sisimiut,GL,1592201380,100,92,66.94,-53.67,274.0,3.19
295,2290836,Boundiali,CI,1592201381,19,91,9.52,-6.49,295.25,1.3
296,3361934,Saldanha,ZA,1592201381,0,87,-33.01,17.94,282.15,1.5
297,2313002,Matadi,CD,1592201381,16,87,-5.82,13.45,294.25,0.29
298,1816705,Beihai,CN,1592201382,95,68,21.48,109.1,303.77,4.48
299,1259184,Puri,IN,1592201382,75,94,19.8,85.85,302.15,3.6
300,2037485,Erenhot,CN,1592201383,30,17,43.65,111.98,301.11,1.52
301,778707,Mehamn,NO,1592201383,75,65,71.04,27.85,281.15,13.9
302,3345439,Telford,GB,1592201383,90,100,52.68,-2.45,287.04,0.5
303,2020738,Litovko,RU,1592201383,100,86,49.24,135.17,284.56,3.7
304,3353383,Rundu,NA,1592201384,0,53,-17.93,19.77,282.1,2.38
305,3374333,Praia,CV,1592201086,25,57,14.92,-23.51,300.15,6.2
306,3146487,Raudeberg,NO,1592201384,95,89,61.99,5.14,289.82,3.82
307,1619437,Bang Krathum,TH,1592201385,75,78,16.58,100.3,301.15,2.1
308,3388847,São Félix do Xingu,BR,1592201385,83,87,-6.64,-51.99,293.16,0.48
309,2338660,Yaan,NG,1592201385,31,93,7.38,8.57,296.77,3.74
310,4513583,Hamilton,US,1592201131,1,76,39.18,-84.53,288.15,2.1
311,1263942,Manavālakurichi,IN,1592201386,40,63,8.13,77.3,306.15,3.6
312,4844309,Torrington,US,1592201345,6,97,41.8,-73.12,284.82,1.25
313,3372472,Vila Franca do Campo,PT,1592201386,40,87,37.72,-25.43,287.15,3.6
314,2094342,Kavieng,PG,1592201387,100,73,-2.57,150.8,302.14,3.5
315,2449893,Tessalit,ML,1592201387,0,14,20.2,1.01,305.32,6.55
316,2121385,Severo-Kuril'sk,RU,1592201387,98,92,50.68,156.12,278.12,6.93
317,2156643,Mount Gambier,AU,1592201387,90,72,-37.83,140.77,288.15,8.7
318,1862555,Hirado,JP,1592201388,75,88,33.36,129.55,297.15,1.5
319,2173911,Broken Hill,AU,1592201388,0,39,-31.95,141.43,291.15,6.7
320,3420846,Qaqortoq,GL,1592201388,1,64,60.72,-46.03,277.15,3.1
321,5403676,Truckee,US,1592201389,1,65,39.33,-120.18,283.15,1.5
322,964420,Port Elizabeth,ZA,1592201389,20,87,-33.92,25.57,285.15,4.1
323,2039557,Khasan,RU,1592201389,79,55,42.43,130.64,293.2,8.49
324,2126710,Beringovskiy,RU,1592201389,47,83,63.05,179.32,278.92,6.1
325,3665210,Rodrigues Alves,BR,1592201390,84,98,-7.74,-72.65,294.57,1.18
326,1159384,Tāybād,IR,1592201390,0,9,34.74,60.78,309.62,4.08
327,3860443,Comodoro Rivadavia,AR,1592201390,100,65,-45.87,-67.5,281.15,4.6
328,2630299,Hofn,IS,1592201391,39,87,64.25,-15.21,282.5,6.51
329,1337618,Manadhoo,MV,1592201391,95,78,5.77,73.38,302.3,6.18
330,1521315,Līsakovsk,KZ,1592201391,0,38,52.54,62.49,290.98,5.2
331,1259385,Port Blair,IN,1592201392,100,79,11.67,92.75,302.33,5.97
332,487928,Novikovo,RU,1592201392,84,77,51.15,37.89,291.9,5.81
333,3128760,Barcelona,ES,1592201005,40,82,41.39,2.16,293.71,2.6
334,133037,Golpāyegān,IR,1592201133,0,19,33.45,50.29,296.92,2.41
335,605155,Kiruna,SE,1592201393,75,71,67.86,20.23,284.15,2.1
336,3397967,Itaituba,BR,1592201394,96,78,-4.28,-55.98,294.42,0.31
337,2457161,Gao,ML,1592201394,29,36,16.64,1.64,304.3,4.56
338,1218420,Seydi,TM,1592201394,0,8,39.48,62.91,311.54,1.39
339,6355222,Yulara,AU,1592201394,63,30,-25.24,130.99,294.15,5.7
340,3114567,Palafrugell,ES,1592201395,14,58,41.92,3.16,292.04,2.69
341,368246,Raja,SS,1592201395,100,88,8.46,25.68,295.51,0.79
342,933995,Souillac,MU,1592201395,40,64,-20.52,57.52,297.15,5.7
343,5478673,Meadow Lake,US,1592201395,75,23,34.8,-106.54,298.15,3.6
344,523662,Nadvoitsy,RU,1592201396,68,47,63.87,34.32,293.08,4.77
345,1787409,Yangmei,CN,1592201396,82,81,24.1,112.56,300.7,2.27
346,2434985,Bokoro,TD,1592201396,94,42,12.38,17.06,305.06,5.39
347,2634032,Whitley Bay,GB,1592201396,100,93,55.04,-1.45,286.15,1.0
348,5954718,Flin Flon,CA,1592201397,99,84,54.77,-101.86,292.59,5.85
349,1568770,Quang Ngai,VN,1592201397,100,58,15.12,108.8,304.58,3.87
350,729581,Lom,BG,1592201397,100,70,43.81,23.24,294.58,4.6
351,5762718,Belle Fourche,US,1592201258,0,56,44.67,-103.85,290.37,0.89
352,3936456,Lima,PE,1592201119,90,88,-12.04,-77.03,290.15,2.6
353,2629833,Husavik,IS,1592201398,33,66,66.04,-17.34,284.15,15.9
354,1262852,Mokameh,IN,1592201399,77,51,25.4,85.92,308.17,3.8
355,1283465,Dhankutā,NP,1592201399,99,84,26.98,87.33,296.15,2.13
356,962367,Richards Bay,ZA,1592201193,0,39,-28.78,32.04,286.79,2.94
357,1061412,Mananara,MG,1592201400,82,75,-16.17,49.77,296.42,4.15
358,5768244,Rapid Valley,US,1592201400,20,42,44.06,-103.15,293.71,7.2
359,545690,Komsomol'skoye,RU,1592201400,0,69,55.26,47.55,289.74,1.98
360,3074731,Hulín,CZ,1592201401,20,82,49.32,17.46,292.04,6.2
361,3129877,Aranda de Duero,ES,1592201401,30,83,41.67,-3.69,284.13,2.07
362,2511150,Santa Lucía,ES,1592201122,40,73,27.91,-15.54,295.37,1.0
363,6111696,Port-Cartier,CA,1592201403,5,64,50.03,-66.87,273.15,1.0
364,2027296,Aykhal,RU,1592201403,90,93,66.0,111.5,284.15,4.0
365,1808977,Hanchuan,CN,1592201403,90,75,30.65,113.77,305.15,3.0
366,562878,Fershampenuaz,RU,1592201404,0,44,53.52,59.81,290.11,3.5
367,2021618,Krasnokamensk,RU,1592201404,48,32,50.1,118.04,299.05,4.64
368,304183,Bayir,TR,1592201404,0,60,37.27,28.22,296.15,1.5
369,863061,Usinsk,RU,1592201405,78,54,65.99,57.53,291.12,5.97
370,286245,Sur,OM,1592201405,30,31,22.57,59.53,311.14,1.91
371,7601762,Bairiki Village,KI,1592201405,20,70,1.33,172.98,303.15,2.6
372,3372783,Ponta Delgada,PT,1592201405,40,87,37.73,-25.67,287.15,3.6
373,5697939,North Platte,US,1592201171,1,32,41.12,-100.77,301.15,11.3
374,1634614,Nabire,ID,1592201406,56,80,-3.37,135.48,301.43,1.03
375,2178753,Kirakira,SB,1592201406,83,77,-10.45,161.92,301.25,6.0
376,5379759,Oroville,US,1592201406,1,41,39.51,-121.56,297.15,2.13
377,2450173,Taoudenni,ML,1592201407,0,16,22.68,-3.98,307.88,6.14
378,5563839,Fortuna,US,1592201407,90,87,40.6,-124.16,288.71,1.24
379,1510689,Baykit,RU,1592201407,92,68,61.67,96.37,283.7,4.2
380,556268,Ostrovnoy,RU,1592201408,77,60,68.05,39.51,283.94,6.27
381,1106677,Bambous Virieux,MU,1592201408,40,64,-20.34,57.76,297.59,5.7
382,1253545,Vaijāpur,IN,1592201408,98,69,19.92,74.73,301.12,3.8
383,1215839,Urgut,UZ,1592201408,0,21,39.4,67.24,305.15,5.1
384,2062276,Roebourne,AU,1592201409,0,28,-20.78,117.13,301.95,6.06
385,1629974,Rantepao,ID,1592201409,45,87,-2.97,119.9,297.1,1.46
386,2966839,Athlone,IE,1592201409,30,94,53.43,-7.95,283.71,0.45
387,3628473,San Cristobal,VE,1592201410,69,85,7.77,-72.22,291.94,1.15
388,1852357,Shimoda,JP,1592201410,75,78,34.67,138.95,300.37,9.3
389,2071860,Esperance,AU,1592201410,40,59,-33.87,121.9,290.15,7.2
390,5104759,Somerset,US,1592201411,1,87,40.57,-74.55,285.15,1.85
391,6078372,Moose Factory,CA,1592201411,1,76,51.26,-80.61,286.15,3.1
392,2033413,Yichun,CN,1592201411,100,60,47.7,128.9,292.63,3.96
393,2192362,Christchurch,NZ,1592201394,93,62,-43.53,172.63,288.15,5.1
394,3467261,Capinzal,BR,1592201412,8,92,-27.34,-51.61,285.24,2.05
395,2650000,Enderby,GB,1592201412,88,99,52.59,-1.21,286.48,0.39
396,2312895,Mbandaka,CD,1592201412,56,85,0.05,18.26,296.67,0.1
397,2126199,Cherskiy,RU,1592201413,34,33,68.75,161.3,295.4,2.64
398,3663495,Manoel Urbano,BR,1592201413,93,97,-8.84,-69.26,293.79,1.02
399,1795565,Shenzhen,CN,1592201414,20,74,22.55,114.07,306.48,6.0
400,2259655,Impfondo,CG,1592201414,66,87,1.64,18.07,297.09,0.48
401,3157549,Finnsnes,NO,1592201414,40,76,69.23,17.98,283.15,8.7
402,2214846,Misratah,LY,1592201414,0,71,32.38,15.09,295.67,10.68
403,1258815,Rajpur,IN,1592201415,86,49,22.3,74.35,307.45,4.93
404,1283679,Banepā,NP,1592201415,75,94,27.63,85.52,296.15,4.6
405,258175,Lixouri,GR,1592201415,82,62,38.2,20.43,296.18,1.55
406,1267433,Kattivākkam,IN,1592201415,75,42,13.22,80.32,310.15,5.1
407,3832791,Villa Carlos Paz,AR,1592201416,0,52,-31.42,-64.5,282.04,4.6
408,3516171,Barra de Tecoanapa,MX,1592201416,99,78,16.52,-98.75,300.63,2.62
409,3421319,Nuuk,GL,1592201416,65,74,64.18,-51.72,275.15,7.7
410,1082243,Ambilobe,MG,1592201416,63,40,-13.2,49.05,301.09,1.06
411,691435,Tomakivka,UA,1592201417,2,69,47.82,34.74,297.15,2.0
412,1861280,Itoman,JP,1592201417,75,84,26.12,127.67,305.15,3.6
413,5563397,Eureka,US,1592201353,98,80,40.8,-124.16,288.71,2.01
414,2027316,Ayan,RU,1592201418,91,92,56.45,138.17,278.94,4.09
415,2392204,Parakou,BJ,1592201418,92,97,9.34,2.63,295.39,3.0
416,2025256,Chumikan,RU,1592201418,69,77,54.72,135.31,280.4,6.06
417,5720495,Coos Bay,US,1592201419,90,77,43.37,-124.22,288.15,2.1
418,2019718,Mukhen,RU,1592201419,100,92,48.1,136.1,287.43,2.85
419,4004293,Ixtapa,MX,1592201419,3,88,20.7,-105.2,298.71,0.7
420,2026609,Blagoveshchensk,RU,1592201419,20,50,50.27,127.53,297.15,6.0
421,4273680,Junction City,US,1592201420,40,51,39.03,-96.83,300.15,5.7
422,3837213,San Juan,AR,1592201420,0,54,-31.54,-68.54,280.76,1.53
423,2065594,Mount Isa,AU,1592201420,0,24,-20.73,139.5,299.15,4.6
424,1028434,Quelimane,MZ,1592201420,40,93,-17.88,36.89,290.15,2.6
425,3981391,Tomatlán,MX,1592201421,22,80,19.93,-105.25,297.82,1.14
426,1254046,Tura,IN,1592201421,57,85,25.52,90.22,302.42,1.79
427,2174444,Bowen,AU,1592201421,24,83,-20.02,148.23,298.71,5.1
428,964432,Port Alfred,ZA,1592201422,72,83,-33.59,26.89,286.48,1.34
429,3372964,Lagoa,PT,1592201422,5,79,39.05,-27.98,289.87,8.12
430,934649,Cap Malheureux,MU,1592201422,9,62,-19.98,57.61,297.59,5.36
431,3194183,Ogulin,HR,1592201422,75,77,45.27,15.23,291.15,0.32
432,6137462,Saint-Augustin,CA,1592201423,6,61,51.23,-58.65,280.09,0.83
433,1643837,Gorontalo,ID,1592201423,37,76,0.54,123.06,301.38,0.91
434,3598787,Champerico,GT,1592201423,23,82,14.3,-91.92,300.1,3.25
435,3839479,Rafaela,AR,1592201424,97,52,-31.25,-61.49,282.59,0.89
436,116406,Semīrom,IR,1592201269,0,16,31.42,51.57,296.05,1.48
437,164947,Salamiyah,SY,1592201424,0,42,35.01,37.05,295.13,2.48
438,58933,Garoowe,SO,1592201425,10,48,8.41,48.48,301.8,12.41
439,933471,Mahalapye,BW,1592201426,0,81,-23.1,26.81,282.78,1.86
440,6690296,Saint-Joseph,RE,1592201426,20,71,-21.37,55.62,297.04,0.89
441,3385658,Uruçuí,BR,1592201426,11,70,-7.23,-44.56,296.83,2.63
442,5847411,Kahului,US,1592201426,40,57,20.89,-156.47,300.15,8.7
443,8079926,Labuhan,ID,1592201427,93,71,-6.88,112.21,303.37,4.54
444,3182210,Belluno,IT,1592201428,100,91,46.15,12.22,292.04,0.83
445,5354943,Half Moon Bay,US,1592201428,1,87,37.46,-122.43,290.15,3.1
446,352733,Marsá Maţrūḩ,EG,1592201429,0,77,31.35,27.25,293.15,1.53
447,3416888,Grindavik,IS,1592201429,90,100,63.84,-22.43,281.15,4.1
448,1127106,Sar-e Pul,AF,1592201429,0,15,35.83,66.17,299.9,2.75
449,2027044,Batagay,RU,1592201430,37,29,67.63,134.63,297.44,4.87
450,3893629,Coquimbo,CL,1592201430,84,87,-29.95,-71.34,285.15,2.1
451,921900,Dzaoudzi,YT,1592201430,33,57,-12.79,45.27,300.15,8.2
452,3939761,Hualmay,PE,1592201430,22,86,-11.1,-77.61,289.53,3.71
453,5989068,Kamsack,CA,1592201431,75,100,51.57,-101.9,289.15,2.1
454,527321,Mezen',RU,1592201431,25,38,65.85,44.24,296.04,6.02
455,107304,Buraidah,SA,1592201431,0,23,26.33,43.98,307.15,7.2
456,4021858,Guerrero Negro,MX,1592201432,0,88,27.98,-114.06,290.28,5.99
457,698953,Novyy Buh,UA,1592201432,0,64,47.69,32.52,296.15,2.0
458,544084,Koslan,RU,1592201433,14,43,63.46,48.9,295.52,5.26
459,1508894,Borovoy,RU,1592201433,23,44,55.43,86.08,289.15,5.0
460,2120769,Talaya,RU,1592201433,87,32,61.38,152.75,294.57,2.99
461,535839,Leshukonskoye,RU,1592201434,42,50,64.9,45.76,295.01,5.38
462,2140558,Koumac,NC,1592201434,32,65,-20.57,164.28,297.72,2.85
463,1213855,Sibolga,ID,1592201225,47,60,1.74,98.78,304.06,2.82
464,4015076,Casas Grandes,MX,1592201435,78,54,30.37,-107.95,294.14,4.88
465,2409914,Bonthe,SL,1592201435,96,86,7.53,-12.51,298.33,1.64
466,607610,Zhangaözen,KZ,1592201435,0,9,43.3,52.8,310.46,5.16
467,3835869,Santiago del Estero,AR,1592201436,1,50,-27.8,-64.26,282.81,3.15
468,2162683,Innisfail,AU,1592201436,36,98,-17.53,146.03,292.59,0.89
469,2020888,Lazo,RU,1592201436,66,76,43.38,133.9,289.12,1.87
470,2177069,Ballina,AU,1592201437,40,73,-28.87,153.57,294.15,4.6
471,1263776,Mangan,IN,1592201437,98,60,27.52,88.53,298.89,0.43
472,2701713,Karlskrona,SE,1592201437,58,67,56.16,15.59,287.15,5.1
473,3894406,Coihueco,CL,1592201438,35,100,-36.62,-71.83,274.15,2.1
474,4500920,Brigantine,US,1592201438,1,77,39.41,-74.36,289.26,2.6
475,4703078,Kerrville,US,1592201282,40,73,30.05,-99.14,295.93,2.45
476,3439525,Young,UY,1592201439,40,71,-32.68,-57.63,277.81,2.1
477,155584,Lupiro,TZ,1592201439,86,60,-8.38,36.67,294.05,1.35
478,2315417,Inongo,CD,1592201439,6,78,-1.95,18.27,294.67,0.88
479,342856,Bako,ET,1592201440,94,93,5.78,36.57,291.6,0.84
480,6533368,Moranbah,AU,1592201440,82,67,-22.0,148.05,296.6,7.36
481,3347019,Mossamedes,AO,1592201440,0,45,-15.2,12.15,295.2,3.37
482,3521972,Panabá,MX,1592201441,55,92,21.28,-88.27,296.85,2.39
483,116402,Semnan,IR,1592201441,0,12,35.57,53.4,306.76,0.92
484,3445026,Vila Velha,BR,1592201332,20,94,-20.33,-40.29,295.37,3.6
485,494884,Shenkursk,RU,1592201442,4,48,62.11,42.9,294.08,3.45
486,2122414,Orotukan,RU,1592201442,91,28,62.27,151.7,295.47,1.41
487,5079250,South Sioux City,US,1592201442,1,61,42.47,-96.41,300.15,7.7
488,137956,Dārāb,IR,1592201443,0,8,28.75,54.54,310.34,1.19
489,2021017,Kysyl-Syr,RU,1592201443,48,36,63.9,122.76,295.03,2.1
490,2255564,Ouésso,CG,1592201443,90,93,1.61,16.05,296.12,0.76
491,750510,Bolu Province,TR,1592201443,100,87,40.67,31.58,287.75,1.45
492,53654,Mogadishu,SO,1592201444,40,65,2.04,45.34,301.15,9.3
493,5383777,Pleasanton,US,1592201178,1,77,37.66,-121.87,289.26,1.5
494,515805,Oktyabr'skoye,RU,1592201444,75,50,43.06,44.74,298.15,3.0
495,2063056,Port Augusta,AU,1592201444,0,37,-32.5,137.77,295.15,6.7
496,2729907,Longyearbyen,SJ,1592201445,20,59,78.22,15.64,275.15,6.2
497,2246901,Oussouye,SN,1592201445,40,94,12.48,-16.55,296.15,3.1
498,298033,Viranşehir,TR,1592201445,0,18,37.24,39.76,301.58,2.93
499,525426,Monastyrshchina,RU,1592201446,100,89,54.35,31.84,291.36,5.48
500,3870243,Taltal,CL,1592201446,4,75,-25.4,-70.48,285.82,0.9
501,3664525,Codajás,BR,1592201446,46,93,-3.84,-62.06,296.01,0.19
502,5711847,Astoria,US,1592201446,90,76,46.19,-123.83,287.15,1.5
503,124085,Mīāndoāb,IR,1592201447,21,27,36.97,46.1,297.15,3.1
504,1242110,Kalmunai,LK,1592201447,93,56,7.42,81.82,304.82,0.62
505,3386213,Touros,BR,1592201447,75,94,-5.2,-35.46,297.15,1.5
506,2514651,Los Llanos de Aridane,ES,1592201448,20,88,28.66,-17.92,295.15,3.1
507,2299625,Kintampo,GH,1592201448,9,96,8.06,-1.73,294.95,3.08
508,2658904,Saanen,CH,1592201448,100,90,46.49,7.26,285.37,0.83
509,1267390,Kavaratti,IN,1592201448,40,74,10.57,72.64,304.15,4.1
510,3006787,La Rochelle,FR,1592201449,72,82,46.17,-1.15,289.15,5.1
511,1842966,Gijang,KR,1592201449,62,37,35.24,129.21,302.15,2.6
512,1258295,Rāwatsār,IN,1592201285,0,9,29.28,74.38,316.73,2.7
513,2210247,Tripoli,LY,1592201450,0,71,32.88,13.19,295.19,5.75
514,3183284,Alghero,IT,1592201450,0,77,40.56,8.32,294.15,3.6
515,3115824,Muros,ES,1592201451,65,94,42.78,-9.06,287.04,3.63
516,6014443,Lac du Bonnet,CA,1592201451,91,42,50.25,-96.06,293.71,3.13
517,712387,Berezanka,UA,1592201451,0,67,46.85,31.39,295.26,4.94
518,713222,Arbuzynka,UA,1592201452,0,67,47.91,31.32,295.07,4.38
519,417594,Shahreza,IR,1592201452,7,14,32.03,51.88,299.93,3.93
520,5975004,High Level,CA,1592201452,90,93,58.52,-117.14,289.15,2.6
521,878073,Maposeni,TZ,1592201453,20,87,-10.58,35.4,287.15,2.1
522,2093967,Kimbe,PG,1592201453,86,78,-5.55,150.14,301.89,0.68
523,750938,Bayburt,TR,1592201454,76,55,40.26,40.23,288.6,0.99
524,2387435,Damara,CF,1592201454,20,100,4.96,18.7,296.15,1.0
525,3380290,Sinnamary,GF,1592201454,90,86,5.38,-52.95,298.33,2.5
526,6541905,Nola,IT,1592201455,20,77,40.92,14.53,294.26,1.5
527,2295517,Savelugu,GH,1592201455,90,82,9.62,-0.83,298.45,2.97
528,1726449,Basco,PH,1592201455,12,76,20.45,121.97,302.68,4.45
529,1507116,Dudinka,RU,1592201456,56,61,69.41,86.18,283.15,10.0
530,1651810,Airai,TL,1592201456,77,79,-8.93,125.41,294.79,2.35
531,3395458,Maragogi,BR,1592201318,38,90,-9.01,-35.22,297.48,4.69
532,1732826,Mersing,MY,1592201456,40,83,2.43,103.84,301.15,4.1
533,2638419,Scarborough,GB,1592201457,100,95,54.28,-0.4,287.04,1.3
534,5779548,Payson,US,1592201305,1,45,40.04,-111.73,292.15,6.2
535,3006767,La Roche-sur-Yon,FR,1592201457,93,100,46.67,-1.43,287.15,2.1
536,2192828,Bulls,NZ,1592201458,79,80,-40.17,175.38,284.82,1.34
537,2349431,Sabla,NG,1592201458,94,60,12.75,4.71,302.28,5.98
538,2280045,Vavoua,CI,1592201459,44,99,7.38,-6.48,294.44,1.34
539,1737486,Bintulu,MY,1592201459,75,70,3.17,113.03,306.15,4.1
540,919544,Chililabombwe,ZM,1592201459,2,80,-12.36,27.82,286.25,4.03
541,1068971,Antsohihy,MG,1592201460,70,49,-14.88,47.99,299.2,5.25
542,2136150,Luganville,VU,1592201460,40,69,-15.53,167.17,301.15,3.1
543,3666304,Valledupar,CO,1592201185,83,87,10.46,-73.25,296.97,1.25
544,3696183,Iquitos,PE,1592201460,100,98,-3.75,-73.25,295.5,1.2
545,3662927,Pauini,BR,1592201461,98,98,-7.71,-66.98,294.4,1.29
546,2654970,Brae,GB,1592201461,75,82,60.4,-1.35,287.15,1.85
547,2285449,Lakota,CI,1592201462,85,99,5.85,-5.69,294.57,0.7
548,2253354,Dakar,SN,1592201070,0,83,14.69,-17.44,299.15,4.54
549,1798760,Pingliang,CN,1592201462,100,85,35.54,106.69,288.62,3.34
550,1788852,Xining,CN,1592201448,96,56,36.62,101.77,291.54,2.44
551,3415496,Vogar,IS,1592201463,90,100,63.98,-22.39,283.15,4.1
552,145724,Lucapa,AO,1592201463,16,48,-8.42,20.74,289.0,2.65
553,2013986,Ust'-Barguzin,RU,1592201464,0,42,53.45,108.98,294.18,1.5
554,1621313,Ambulu,ID,1592201464,6,69,-8.35,113.61,303.79,4.23
555,5640350,Billings Metropolitan Area,US,1592201080,40,50,45.78,-108.5,286.48,5.7
556,330534,Mīzan Teferī,ET,1592201465,98,91,6.98,35.58,291.19,0.72
557,5991056,Kenora,CA,1592201465,75,45,49.82,-94.43,291.15,6.7
558,1529660,Aksu,CN,1592201465,26,19,41.12,80.26,303.25,1.17
559,196231,Isiolo,KE,1592201466,3,59,0.35,37.58,295.19,1.49
560,225835,Yumbe,UG,1592201466,42,92,3.47,31.25,293.81,1.59
561,2345521,Damaturu,NG,1592201466,1,54,11.75,11.96,302.24,7.24
562,2191562,Dunedin,NZ,1592201467,100,63,-45.87,170.5,284.26,1.34
563,3924679,Vilhena,BR,1592201467,5,98,-12.74,-60.15,290.95,1.25
564,2038342,Beipiao,CN,1592201467,0,19,41.79,120.78,302.94,6.65
