,City ID,City,Country,Date,Cloudiness,Humidity,Latitude,Longitude,Max Temp,Wind Speed
0,1015776,Bredasdorp,ZA,1592446138,10,86,-34.53,20.04,277.15,2.35
1,4030556,Rikitea,PF,1592446138,100,84,-23.12,-134.97,297.34,7.72
2,3833367,Ushuaia,AR,1592446138,2,86,-54.8,-68.3,274.15,2.1
3,4020109,Atuona,PF,1592446138,42,72,-9.8,-139.03,300.27,6.05
4,1855342,Nishihara,JP,1592446016,75,74,26.18,127.76,304.15,7.7
5,3366880,Hermanus,ZA,1592446139,0,82,-34.42,19.23,282.59,0.45
6,5882953,Aklavik,CA,1592446139,40,52,68.22,-135.01,293.15,5.7
7,2729907,Longyearbyen,SJ,1592445979,75,76,78.22,15.64,277.15,3.6
8,3356832,Henties Bay,NA,1592446139,0,31,-22.12,14.28,296.48,0.89
9,2155415,New Norfolk,AU,1592446117,43,81,-42.78,147.06,278.71,1.5
10,3355672,Lüderitz,NA,1592446140,0,23,-26.65,15.16,294.05,9.77
11,238566,Ippy,CF,1592446140,100,95,6.27,21.22,293.11,0.8
12,934322,Mahébourg,MU,1592445980,75,83,-20.41,57.7,294.15,8.2
13,2022572,Khatanga,RU,1592446140,99,41,71.97,102.5,285.15,2.18
14,515879,Oktyabr'skiy,RU,1592446141,80,86,54.48,53.47,286.15,3.37
15,1735106,George Town,MY,1592445987,20,78,5.41,100.34,302.15,1.5
16,64013,Bosaso,SO,1592446141,100,43,11.28,49.18,305.37,8.41
17,1214488,Meulaboh,ID,1592446142,90,65,4.14,96.13,301.37,1.19
18,1244926,Hambantota,LK,1592446142,40,100,6.12,81.12,300.15,3.6
19,3831208,Qaanaaq,GL,1592446142,5,95,77.48,-69.36,271.79,0.29
20,6620339,Karratha,AU,1592446142,0,35,-20.74,116.85,299.08,2.29
21,3883457,Lebu,CL,1592446143,100,82,-37.62,-73.65,284.78,11.18
22,478769,Urdoma,RU,1592446143,0,64,61.75,48.54,282.88,1.11
23,3691582,Talara,PE,1592446143,31,83,-4.58,-81.27,291.88,4.99
24,515805,Oktyabr'skoye,RU,1592446144,100,93,43.06,44.74,291.15,2.0
25,6162951,Terrace Bay,CA,1592446144,0,87,48.78,-87.1,283.3,1.77
26,5106841,Albany,US,1592446144,50,87,42.6,-73.97,295.93,1.09
27,2630299,Hofn,IS,1592446145,27,69,64.25,-15.21,281.76,4.17
28,2070998,Geraldton,AU,1592446145,75,63,-28.77,114.6,291.15,7.2
29,1528998,Yumen,CN,1592446145,96,14,40.28,97.2,301.4,4.26
30,108410,Riyadh,SA,1592445885,12,18,24.69,46.72,301.15,2.1
31,2381334,Atar,MR,1592446146,0,23,20.52,-13.05,307.11,5.19
32,496285,Severodvinsk,RU,1592446146,0,81,64.56,39.83,281.15,1.0
33,5820705,Casper,US,1592446146,1,20,42.87,-106.31,292.15,10.8
34,2120047,Ust'-Omchug,RU,1592446146,13,39,61.15,149.63,294.45,0.47
35,2110560,Yamada,JP,1592446147,12,56,39.47,141.95,295.94,5.44
36,1106677,Bambous Virieux,MU,1592446147,75,83,-20.34,57.76,294.15,8.2
37,5855051,‘Ewa Beach,US,1592446147,75,45,21.32,-158.01,303.15,8.7
38,3832899,Viedma,AR,1592446147,0,86,-40.81,-63.0,280.84,1.26
39,2121025,Srednekolymsk,RU,1592446020,12,20,67.45,153.68,303.8,1.56
40,933995,Souillac,MU,1592446148,75,83,-20.52,57.52,294.15,8.2
41,3471451,Arraial do Cabo,BR,1592446148,40,93,-22.97,-42.03,291.15,2.1
42,3146487,Raudeberg,NO,1592446148,62,94,61.99,5.14,287.04,1.15
43,6165406,Thompson,CA,1592446149,90,93,55.74,-97.86,278.15,8.2
44,2122090,Pevek,RU,1592446149,99,64,69.7,170.31,279.35,3.97
45,546282,Kologriv,RU,1592446149,0,70,58.83,44.32,283.09,2.14
46,3430863,Mar del Plata,AR,1592445967,75,100,-38.0,-57.56,290.15,6.2
47,2015306,Tiksi,RU,1592445957,93,56,71.69,128.87,286.59,3.24
48,6201424,Mataura,NZ,1592446150,0,75,-46.19,168.86,280.39,1.37
49,3629710,Puerto Ayacucho,VE,1592446150,100,91,5.66,-67.62,297.9,0.94
50,2163355,Hobart,AU,1592445993,13,70,-42.88,147.33,280.15,3.1
51,2065594,Mount Isa,AU,1592446150,0,41,-20.73,139.5,299.15,6.2
52,4513583,Hamilton,US,1592446151,1,50,39.18,-84.53,297.15,2.1
53,3156980,Florø,NO,1592446151,90,100,61.6,5.03,286.15,0.5
54,6089245,Norman Wells,CA,1592446151,75,23,65.28,-126.83,303.15,3.6
55,1507745,Choya,RU,1592446152,100,74,52.01,86.55,290.91,4.45
56,3874787,Punta Arenas,CL,1592445914,0,92,-53.15,-70.92,271.15,1.5
57,1621313,Ambulu,ID,1592446152,9,72,-8.35,113.61,301.3,1.91
58,2026023,Bukachacha,RU,1592446152,35,48,52.98,116.92,293.08,2.84
59,546105,Nikolskoye,RU,1592446152,0,88,59.7,30.79,290.93,2.0
60,2075265,Busselton,AU,1592445880,48,72,-33.65,115.33,285.93,8.87
61,3374333,Praia,CV,1592446153,0,51,14.92,-23.51,302.15,8.7
62,3361934,Saldanha,ZA,1592445979,0,70,-33.01,17.94,281.15,1.5
63,1799686,Tongzi,CN,1592446153,92,74,28.78,105.09,298.51,1.03
64,3445679,Uruguaiana,BR,1592446154,100,64,-29.75,-57.09,297.15,9.3
65,2126123,Chokurdakh,RU,1592446154,1,23,70.63,147.92,303.25,5.14
66,2208248,Kaitangata,NZ,1592446154,32,60,-46.28,169.85,280.93,2.24
67,2112444,Kamaishi,JP,1592446022,40,60,39.27,141.88,297.15,3.6
68,1804153,Leshan,CN,1592446154,99,64,29.56,103.76,299.77,1.06
69,4032243,Vaini,TO,1592445951,40,73,-21.2,-175.2,297.15,5.7
70,2034995,Shanhecun,CN,1592446155,3,61,44.7,127.2,294.57,4.11
71,3412093,Vestmannaeyjar,IS,1592445989,100,81,63.44,-20.27,282.38,9.28
72,5847411,Kahului,US,1592446155,20,41,20.89,-156.47,306.15,9.3
73,1644932,Ende,ID,1592446064,91,58,-8.84,121.66,301.67,3.33
74,2177254,Bagotville,AU,1592446156,90,72,-28.98,153.42,293.15,7.7
75,3110962,Langreo,ES,1592446156,90,87,43.3,-5.68,287.15,2.1
76,3385077,Conde,BR,1592446156,1,94,-7.26,-34.91,295.15,2.6
77,3141667,Roald,NO,1592446157,6,93,62.58,6.13,286.48,3.6
78,2375255,Bafatá,GW,1592446157,96,76,12.17,-14.75,300.34,4.56
79,1649150,Bengkulu,ID,1592446157,88,71,-3.8,102.27,300.82,1.35
80,3381538,Grand-Santi,GF,1592446157,100,95,4.25,-54.38,296.59,0.83
81,2094342,Kavieng,PG,1592446158,19,65,-2.57,150.8,303.07,3.01
82,2332453,Lagos,NG,1592446092,40,100,6.58,3.75,298.15,1.5
83,2119283,Zyryanka,RU,1592446158,61,27,65.75,150.85,302.36,2.08
84,3870282,Talcahuano,CL,1592445899,90,93,-36.72,-73.12,285.15,8.7
85,5563839,Fortuna,US,1592446158,20,82,40.6,-124.16,289.82,7.2
86,1006984,East London,ZA,1592445961,0,62,-33.02,27.91,287.87,4.6
87,1490256,Talnakh,RU,1592446159,100,56,69.49,88.4,279.15,1.0
88,2017155,Saskylakh,RU,1592446159,80,53,71.92,114.08,291.06,6.15
89,3372707,Ribeira Grande,PT,1592446159,94,78,38.52,-28.7,290.43,3.84
90,4440397,Pascagoula,US,1592446160,75,74,30.37,-88.56,299.15,2.21
91,2447513,Arlit,NE,1592446160,0,11,18.74,7.39,303.64,4.84
92,5855927,Hilo,US,1592445952,20,62,19.73,-155.09,302.15,5.7
93,3093040,Lubań,PL,1592446160,98,92,51.12,15.29,287.04,0.37
94,3893629,Coquimbo,CL,1592446161,65,87,-29.95,-71.34,284.15,0.5
95,2206939,Bluff,NZ,1592446161,7,62,-46.6,168.33,281.6,4.56
96,1337606,Eydhafushi,MV,1592446161,71,79,5.1,73.07,302.06,4.69
97,364027,Wagar,SD,1592446161,72,39,16.15,36.2,305.01,3.69
98,2123814,Leningradskiy,RU,1592445969,100,48,69.38,178.42,284.48,4.1
99,4231997,Avera,US,1592446005,1,94,33.19,-82.53,293.15,1.86
100,2173125,Burnie,AU,1592446162,100,75,-41.07,145.92,285.37,1.34
101,3929611,San Jerónimo,PE,1592446162,100,71,-11.95,-75.28,283.54,0.57
102,3423146,Ilulissat,GL,1592446163,0,80,69.22,-51.1,275.15,2.6
103,3988392,Rosarito,MX,1592446163,40,72,32.33,-117.03,293.15,4.1
104,3445026,Vila Velha,BR,1592445951,75,93,-20.33,-40.29,292.59,2.6
105,502011,Revda,RU,1592446163,98,71,56.8,59.93,284.15,6.0
106,5321473,Winslow,US,1592446164,1,6,35.02,-110.7,304.15,9.8
107,1509999,Blagoveshchenka,RU,1592446164,100,70,52.83,79.87,289.29,4.03
108,6185377,Yellowknife,CA,1592446164,40,41,62.46,-114.35,288.15,4.6
109,1693935,Pidigan,PH,1592446164,40,74,17.57,120.59,304.15,3.1
110,2527087,Tiznit Province,MA,1592446165,0,66,29.58,-9.5,290.65,2.12
111,3115824,Muros,ES,1592446165,3,92,42.78,-9.06,283.71,0.45
112,6170031,Tuktoyaktuk,CA,1592446165,75,93,69.45,-133.04,279.15,3.1
113,964432,Port Alfred,ZA,1592446165,0,78,-33.59,26.89,284.26,1.79
114,6316343,Alta Floresta,BR,1592446165,0,70,-9.88,-56.09,294.55,1.51
115,1651810,Airai,TL,1592445968,95,75,-8.93,125.41,293.39,2.7
116,1712961,Gigmoto,PH,1592446166,100,75,13.78,124.39,302.41,3.4
117,1698289,Pundaguitan,PH,1592446166,97,74,6.37,126.17,301.23,2.91
118,3451138,Rio Grande,BR,1592446084,100,91,-32.03,-52.1,290.93,6.99
119,3466704,Castro,BR,1592446167,52,95,-24.79,-50.01,286.01,2.23
120,5557293,Sitka,US,1592445955,90,93,57.05,-135.33,284.15,2.6
121,5282297,Bethel,US,1592445927,1,82,41.37,-73.41,293.15,2.1
122,2110227,Butaritari,KI,1592446167,22,72,3.07,172.79,301.49,5.07
123,1835848,Seoul,KR,1592445751,100,73,37.57,126.98,296.15,1.0
124,1491977,Shumskiy,RU,1592446168,0,55,54.83,99.13,290.08,3.88
125,3533462,Acapulco de Juárez,MX,1592446168,75,79,16.86,-99.89,303.15,2.6
126,5122534,Jamestown,US,1592446096,20,56,42.1,-79.24,295.15,3.6
127,2109701,Auki,SB,1592446168,20,67,-8.77,160.7,303.07,2.16
128,3697838,Contamana,PE,1592446169,7,77,-7.33,-75.02,297.7,1.01
129,4021858,Guerrero Negro,MX,1592445951,0,75,27.98,-114.06,291.89,7.97
130,5546220,Saint George,US,1592445963,1,14,37.1,-113.58,305.37,5.7
131,1819729,Hong Kong,HK,1592445885,4,70,22.29,114.16,303.71,7.15
132,1861280,Itoman,JP,1592446170,75,79,26.12,127.67,304.15,7.7
133,4035715,Avarua,CK,1592446170,0,73,-21.21,-159.78,296.15,3.6
134,1507390,Dikson,RU,1592445953,22,91,73.51,80.55,273.8,2.32
135,3652764,Puerto Ayora,EC,1592445960,74,93,-0.74,-90.35,293.71,0.45
136,6180550,Whitehorse,CA,1592446171,75,39,60.72,-135.05,291.15,7.2
137,3369157,Cape Town,ZA,1592446171,0,76,-33.93,18.42,284.26,1.5
138,2194098,Ahipara,NZ,1592446171,5,81,-35.17,173.17,289.39,3.55
139,4787534,Sterling,US,1592446172,90,93,39.01,-77.43,292.59,5.7
140,5880054,Barrow,US,1592446172,1,70,71.29,-156.79,279.15,5.7
141,1254832,Tawang Town,IN,1592446172,100,77,27.58,91.87,288.32,0.46
142,1282898,Pokhara,NP,1592445531,99,79,28.23,83.98,297.41,0.19
143,5983720,Iqaluit,CA,1592446173,75,74,63.75,-68.51,276.15,4.1
144,2123836,Lazarev,RU,1592446173,100,97,52.23,141.51,278.81,4.72
145,5972291,Havre-St-Pierre,CA,1592446173,90,76,50.23,-63.6,287.15,2.6
146,5859699,College,US,1592446174,75,27,64.86,-147.8,298.15,5.1
147,962367,Richards Bay,ZA,1592446174,100,88,-28.78,32.04,287.19,2.72
148,2059470,Victor Harbor,AU,1592446174,36,67,-35.57,138.62,289.82,0.45
149,2970775,Arrondissement de Vannes,FR,1592446174,90,100,47.83,-2.5,286.15,1.5
150,1859319,Kitakata,JP,1592446175,75,73,37.65,139.87,298.15,2.1
151,1267742,Karjat,IN,1592446175,75,83,18.92,73.33,302.15,3.1
152,1283285,Jumla,NP,1592445621,67,57,29.27,82.18,293.13,1.32
153,4946620,Palmer,US,1592445977,40,60,42.16,-72.33,296.15,3.6
154,986717,Kruisfontein,ZA,1592446176,0,41,-34.0,24.73,285.18,3.38
155,3408269,Afuá,BR,1592446176,20,93,-0.16,-50.39,297.49,1.91
156,3580236,Grenville,GD,1592446176,20,78,12.12,-61.62,301.15,8.2
157,3893726,Constitución,CL,1592446176,100,84,-35.33,-72.42,285.38,7.99
158,6167817,Torbay,CA,1592445914,90,50,47.67,-52.73,287.15,10.3
159,935214,Saint-Pierre,RE,1592446177,9,82,-21.34,55.48,292.15,5.7
160,3374083,Bathsheba,BB,1592446177,20,69,13.22,-59.52,301.15,7.7
161,6943820,Murdochville,CA,1592446177,100,85,48.96,-65.5,290.79,2.34
162,3134327,Tonstad,NO,1592446178,47,90,58.66,6.72,288.15,0.43
163,2178753,Kirakira,SB,1592446178,23,75,-10.45,161.92,302.14,3.75
164,3465329,Coruripe,BR,1592446178,0,84,-10.13,-36.18,296.85,4.81
165,1638775,Payo,ID,1592446178,87,70,-3.75,103.64,301.02,0.35
166,4226722,Toccoa,US,1592446179,90,93,34.58,-83.33,292.15,1.24
167,1257060,Satānā,IN,1592446179,99,79,20.58,74.2,298.31,3.53
168,964420,Port Elizabeth,ZA,1592445968,0,81,-33.92,25.57,282.15,1.5
169,2028462,Ulaanbaatar,MN,1592446179,20,48,47.91,106.88,292.15,1.0
170,686090,Asău,RO,1592446180,6,95,46.43,26.4,287.59,1.26
171,5380437,Pacific Grove,US,1592445964,1,33,36.62,-121.92,296.15,3.1
172,1633070,Palembang,ID,1592446180,99,82,-2.92,104.75,299.69,1.75
173,5110365,Broome,US,1592446125,1,37,42.25,-75.83,295.15,1.5
174,3382160,Cayenne,GF,1592446014,75,100,4.93,-52.33,297.15,2.65
175,4590184,Orangeburg,US,1592446181,75,82,33.49,-80.86,292.59,1.73
176,4013679,Coahuayana Viejo,MX,1592445974,0,70,18.73,-103.68,299.95,1.56
177,3407407,Aquiraz,BR,1592446182,75,88,-3.9,-38.39,298.15,3.1
178,1524302,Ereymentau,KZ,1592446182,0,63,51.62,73.1,291.08,5.55
179,1791779,Wanning,CN,1592446182,0,71,18.8,110.4,303.05,6.65
180,935215,Saint-Philippe,RE,1592446183,92,82,-21.36,55.77,292.15,5.7
181,1798490,Pulandian,CN,1592446183,100,69,39.4,121.97,297.15,7.0
182,1488200,Ust'-Kalmanka,RU,1592446183,100,60,52.12,83.31,292.88,7.59
183,2074865,Carnarvon,AU,1592446183,90,100,-24.87,113.63,293.15,4.1
184,609924,Emba,KZ,1592446184,0,54,48.83,58.14,293.57,3.48
185,5386035,Rancho Palos Verdes,US,1592446184,0,77,33.74,-118.39,294.26,1.79
186,3374210,São Filipe,CV,1592446184,0,77,14.9,-24.5,298.12,3.58
187,1277661,Bālāghāt,IN,1592446184,88,68,21.8,80.18,300.92,2.59
188,2020838,Lensk,RU,1592446185,100,72,60.73,114.93,288.74,1.24
189,5354943,Half Moon Bay,US,1592446185,1,63,37.46,-122.43,300.15,5.1
190,3529654,Dzilam González,MX,1592446185,30,82,21.28,-88.93,299.82,1.93
191,2255414,Pointe-Noire,CG,1592446185,5,91,-4.78,11.86,294.96,0.86
192,3946820,Barranca,PE,1592446186,81,88,-10.75,-77.77,289.57,2.56
193,4446675,Southaven,US,1592445897,20,42,34.99,-90.01,301.15,4.6
194,1862505,Hirara,JP,1592445969,75,70,24.8,125.28,304.15,9.3
195,2136150,Luganville,VU,1592446186,90,78,-15.53,167.17,300.15,3.6
196,215976,Ilebo,CD,1592446187,11,51,-4.32,20.58,289.48,0.51
197,2112802,Hasaki,JP,1592446187,75,73,35.73,140.83,298.15,2.6
198,3175096,Laas,IT,1592446187,90,100,46.62,10.7,284.82,2.1
199,1489401,Toora-Khem,RU,1592446187,0,42,52.47,96.11,294.46,1.01
200,1267390,Kavaratti,IN,1592446187,100,77,10.57,72.64,302.58,8.96
201,103630,Najrān,SA,1592446188,20,28,17.49,44.13,302.15,3.1
202,5287262,Buckeye,US,1592445919,1,14,33.37,-112.58,311.48,4.1
203,610298,Beyneu,KZ,1592446188,0,21,45.32,55.2,298.53,3.13
204,1626542,Sorong,ID,1592446189,0,70,-0.88,131.25,302.64,2.55
205,3386213,Touros,BR,1592446189,11,88,-5.2,-35.46,296.15,2.1
206,1278974,Almora,IN,1592446189,55,62,29.62,79.67,296.54,0.74
207,3652758,Puerto Baquerizo Moreno,EC,1592446190,43,86,-0.9,-89.6,293.78,4.53
208,214974,Kalemie,CD,1592446190,0,71,-5.95,29.19,293.24,1.64
209,2036685,Huinan,CN,1592446190,99,56,42.62,126.26,296.69,2.68
210,1519395,Serebryansk,KZ,1592446190,75,72,49.69,83.29,290.15,4.0
211,2128975,Nemuro,JP,1592446191,75,93,43.32,145.57,287.15,1.5
212,2264557,Ponta do Sol,PT,1592446191,20,82,32.67,-17.1,292.15,4.6
213,293842,Kiryat Gat,IL,1592446191,0,55,31.61,34.76,297.59,2.79
214,1496073,Orlik,RU,1592446192,18,43,52.52,99.83,290.73,0.19
215,49747,Oddur,SO,1592446192,79,79,4.12,43.89,294.37,8.87
216,5866583,Saint Paul Harbor,US,1592446067,90,87,57.79,-152.41,284.15,8.2
217,4172445,Seminole,US,1592446193,40,83,28.71,-81.21,298.71,4.6
218,6690296,Saint-Joseph,RE,1592446193,51,82,-21.37,55.62,292.15,5.7
219,256155,Palekastro,GR,1592446193,0,71,35.2,26.25,294.82,1.79
220,2094144,Kerema,PG,1592446193,20,74,-7.96,145.78,300.56,2.56
221,5848280,Kapaa,US,1592446194,75,69,22.08,-159.32,300.15,6.7
222,5364022,La Palma,US,1592446194,1,56,33.85,-118.05,296.15,2.6
223,2125693,Evensk,RU,1592446194,0,75,61.95,159.23,285.63,6.01
224,1282256,Hithadhoo,MV,1592446195,0,74,-0.6,73.08,302.1,3.4
225,2136825,Isangel,VU,1592446195,40,65,-19.55,169.27,300.15,4.1
226,2303611,Esim,GH,1592446195,97,87,4.87,-2.24,298.1,5.43
227,5895424,Bay Roberts,CA,1592446195,100,69,47.6,-53.26,286.48,0.89
228,2439155,Tanout,NE,1592446196,85,12,14.97,8.89,304.76,4.18
229,3424607,Tasiilaq,GL,1592446196,100,80,65.61,-37.64,277.15,12.3
230,2174444,Bowen,AU,1592446196,90,73,-20.02,148.23,296.48,9.8
231,2027296,Aykhal,RU,1592446196,77,36,66.0,111.5,291.15,2.0
232,3395981,Maceió,BR,1592446196,40,83,-9.67,-35.74,297.15,1.5
233,2132606,Samarai,PG,1592446197,44,83,-10.62,150.67,299.65,8.59
234,2738381,Lata,PT,1592446197,19,88,40.16,-8.33,288.71,2.24
235,777682,Skjervøy,NO,1592446197,2,77,70.03,20.97,282.03,1.47
236,3576994,Cockburn Town,TC,1592446197,0,79,21.46,-71.14,300.82,8.04
237,4014914,Cedral,MX,1592446198,93,40,23.8,-100.73,298.24,6.02
238,1642773,Japura,ID,1592446198,81,74,-0.32,102.35,301.12,1.18
239,4004293,Ixtapa,MX,1592446198,20,69,20.7,-105.2,301.15,4.6
240,2015913,Suntar,RU,1592446198,100,94,62.14,117.63,284.6,2.68
241,4006387,Etchoropo,MX,1592446199,1,45,26.77,-109.67,307.04,3.58
242,1816971,Baoding,CN,1592446199,29,36,38.85,115.49,302.93,4.66
243,1850523,Tateyama,JP,1592446199,75,83,34.98,139.87,298.15,4.6
244,2720679,Bollnäs,SE,1592446199,27,93,61.35,16.39,285.36,0.8
245,3899695,Ancud,CL,1592446199,90,93,-41.87,-73.82,283.15,8.2
246,3645532,Ciudad Bolivar,VE,1592446200,93,77,8.12,-63.55,300.27,5.94
247,2090021,Namatanai,PG,1592446200,2,68,-3.67,152.43,302.63,4.06
248,2397614,Ndendé,GA,1592446200,75,95,-2.4,11.36,294.2,0.87
249,3372472,Vila Franca do Campo,PT,1592446200,40,77,37.72,-25.43,290.15,2.1
250,5478673,Meadow Lake,US,1592446201,1,5,34.8,-106.54,306.15,6.2
251,1715015,Dicabisagan,PH,1592446201,100,63,17.08,122.42,304.03,2.23
252,3418910,Upernavik,GL,1592446202,0,90,72.79,-56.15,274.08,3.65
253,2092164,Lorengau,PG,1592446202,14,72,-2.02,147.27,302.92,4.96
254,1734313,Paka,MY,1592446202,20,88,4.64,103.44,300.15,1.25
255,2522325,Agüimes,ES,1592446202,20,88,27.91,-15.45,295.15,3.48
256,1090397,Bandrele,YT,1592446203,22,61,-12.91,45.19,298.15,11.8
257,3694112,Paita,PE,1592446203,10,80,-5.09,-81.11,292.14,4.33
258,2063036,Port Lincoln,AU,1592446203,100,53,-34.73,135.87,289.59,9.3
259,1852357,Shimoda,JP,1592446203,75,83,34.67,138.95,296.15,4.6
260,4500920,Brigantine,US,1592446204,90,88,39.41,-74.36,291.15,5.7
261,364933,Umm Kaddadah,SD,1592446204,86,42,13.6,26.69,303.54,5.3
262,2015852,Svetlaya,RU,1592446204,100,88,46.54,138.33,283.24,3.4
263,5367788,Lompoc,US,1592446204,1,60,34.64,-120.46,293.71,5.1
264,1254046,Tura,IN,1592446205,100,98,25.52,90.22,296.9,3.61
265,3372964,Lagoa,PT,1592446002,94,79,39.05,-27.98,290.26,3.49
266,3466165,Cidreira,BR,1592446205,30,89,-30.18,-50.21,290.71,3.74
267,6089404,North Battleford,CA,1592446206,90,76,52.78,-108.28,285.15,6.2
268,2120591,Tilichiki,RU,1592446206,33,52,60.47,166.1,289.76,2.04
269,4036284,Alofi,NU,1592445961,40,61,-19.06,-169.92,298.15,7.7
270,3405940,Bayeux,BR,1592446206,7,94,-7.12,-34.93,295.15,2.6
271,2209055,Waddān,LY,1592446207,0,32,29.16,16.14,295.74,4.4
272,2016477,Sivaki,RU,1592446207,0,36,52.63,126.75,294.45,2.03
273,4031742,Egvekinot,RU,1592446207,44,35,66.32,-179.17,288.92,0.93
274,2156643,Mount Gambier,AU,1592446207,81,71,-37.83,140.77,287.15,7.2
275,3393692,Itarema,BR,1592446207,21,87,-2.92,-39.92,297.61,4.63
276,5861897,Fairbanks,US,1592445932,20,27,64.84,-147.72,298.15,5.7
277,1327659,Chauk,MM,1592446208,100,81,20.88,94.82,299.63,7.79
278,3837702,San Fernando del Valle de Catamarca,AR,1592446208,0,67,-28.47,-65.79,287.04,0.45
279,4034551,Faanui,PF,1592446209,97,73,-16.48,-151.75,300.83,1.32
280,3628473,San Cristobal,VE,1592446209,18,92,7.77,-72.22,292.39,1.11
281,1043893,Lichinga,MZ,1592446209,36,100,-13.31,35.24,283.62,3.06
282,6162949,Terrace,CA,1592445985,75,35,54.52,-128.6,294.15,6.2
283,5515743,Guymon,US,1592446158,1,28,36.68,-101.48,307.15,10.8
284,2511239,San Roque,ES,1592446210,0,64,36.21,-5.38,294.15,6.2
285,3443061,Chui,UY,1592446210,100,80,-33.7,-53.46,292.42,6.02
286,481548,Troitsko-Pechorsk,RU,1592446210,3,62,62.71,56.2,279.49,3.8
287,1735106,George Town,MY,1592445987,20,78,5.41,100.34,302.15,1.5
288,2013727,Vanavara,RU,1592446211,100,41,60.34,102.28,291.5,1.6
289,373303,Juba,SS,1592446211,11,88,4.85,31.58,294.15,1.52
290,218680,Boende,CD,1592446211,93,65,-0.22,20.87,293.76,0.76
291,3579925,St. George's,GD,1592446211,20,78,12.06,-61.75,301.15,8.2
292,5847486,Kailua,US,1592446212,75,39,21.4,-157.74,309.15,5.1
293,58933,Garoowe,SO,1592446005,39,61,8.41,48.48,298.78,11.21
294,5703673,Elko,US,1592446212,0,37,41.0,-115.5,290.37,3.13
295,3437107,San Cosme y Damián,PY,1592446213,100,69,-27.32,-56.35,295.78,7.8
296,3463124,Formosa do Rio Preto,BR,1592446213,38,61,-11.05,-45.19,294.52,2.15
297,1168700,Ormara,PK,1592446213,49,81,25.21,64.64,302.26,2.47
298,2757220,Den Helder,NL,1592446213,90,87,52.96,4.76,290.37,2.6
299,3521972,Panabá,MX,1592446213,97,90,21.28,-88.27,298.03,2.5
300,590657,Lihula,EE,1592446214,31,87,58.68,23.85,287.04,2.24
301,2653755,Carmarthen,GB,1592446214,100,100,51.86,-4.31,288.15,2.6
302,2122104,Petropavlovsk-Kamchatskiy,RU,1592446214,20,76,53.05,158.65,285.15,7.0
303,1715335,Davila,PH,1592446214,40,74,18.47,120.58,304.15,3.1
304,2450849,Sokolo,ML,1592446215,15,40,14.73,-6.12,305.74,11.03
305,490743,Sol'vychegodsk,RU,1592446215,0,62,61.33,46.92,283.07,0.27
306,6111862,Port Hardy,CA,1592446215,75,67,50.7,-127.42,289.15,3.6
307,1337607,Kudahuvadhoo,MV,1592446215,66,74,2.67,72.89,301.83,2.01
308,1019330,Bhisho,ZA,1592446216,9,45,-32.85,27.44,282.99,2.09
309,3446971,Tanhaçu,BR,1592446216,98,79,-14.02,-41.25,293.28,2.88
310,2127202,Anadyr,RU,1592446216,20,43,64.75,177.48,294.15,4.0
311,6160919,Taber,CA,1592446082,90,87,49.82,-112.15,284.82,6.2
312,1486321,Yar-Sale,RU,1592446217,34,69,66.83,70.83,277.71,6.47
313,2077895,Alice Springs,AU,1592446217,0,25,-23.7,133.88,291.15,3.1
314,6050066,La Ronge,CA,1592446217,90,71,55.1,-105.28,283.15,9.3
315,328709,Shambu,ET,1592446024,100,100,9.57,37.1,284.73,1.0
316,359173,Beni Suef,EG,1592446218,0,78,29.07,31.1,292.72,3.52
317,2460755,Bafoulabé,ML,1592446218,87,54,13.81,-10.83,305.07,3.59
318,3466980,Caravelas,BR,1592446218,33,75,-17.71,-39.25,295.02,3.36
319,4345850,West Monroe,US,1592446219,1,61,32.52,-92.15,300.15,1.69
320,338345,Edd,ER,1592446219,23,46,13.93,41.69,304.63,1.5
321,220448,Aketi,CD,1592446219,100,92,2.74,23.78,294.47,0.67
322,881164,Shurugwi,ZW,1592446220,100,100,-19.67,30.01,280.66,4.33
323,60019,Eyl,SO,1592446220,2,56,7.98,49.82,301.3,12.33
324,4031574,Provideniya,RU,1592446220,7,66,64.38,-173.3,286.15,5.0
325,2012593,Zeya,RU,1592445958,14,35,53.75,127.27,295.11,2.22
326,552465,Kargopol',RU,1592446221,0,63,61.51,38.95,282.02,1.96
327,2242001,Caxito,AO,1592446221,75,94,-8.58,13.66,295.15,1.0
328,2121385,Severo-Kuril'sk,RU,1592446222,97,82,50.68,156.12,281.22,4.27
329,359792,Aswān,EG,1592446222,0,15,24.09,32.91,302.32,4.29
330,4362001,Mayo,US,1592446219,90,94,38.89,-76.51,293.15,2.6
331,1855540,Naze,JP,1592445923,75,89,28.37,129.48,302.15,8.2
332,2159220,Mackay,AU,1592446223,75,78,-21.15,149.2,295.15,7.7
333,3359736,Vredendal,ZA,1592446223,0,38,-31.67,18.5,288.33,6.4
334,1516048,Khovd,MN,1592446223,97,36,48.01,91.64,294.19,1.54
335,2027002,Bayangol,RU,1592446223,100,57,50.7,103.47,289.28,0.76
336,102651,Şabyā,SA,1592446224,100,66,17.15,42.63,306.15,1.5
337,3421765,Nanortalik,GL,1592446224,75,84,60.14,-45.24,276.41,3.8
338,339219,Dessie,ET,1592446224,100,62,11.13,39.63,286.47,0.84
339,563708,Dzerzhinsk,RU,1592446224,40,100,56.24,43.46,290.15,2.0
340,2126710,Beringovskiy,RU,1592446225,0,50,63.05,179.32,284.73,2.87
341,3401148,Cururupu,BR,1592446007,25,95,-1.83,-44.87,296.38,0.77
342,4921868,Indiana,US,1592446130,1,46,40.0,-86.25,297.04,2.1
343,2316259,Bulungu,CD,1592446225,33,56,-4.55,18.6,291.44,0.94
344,2171099,Codrington,AU,1592446225,99,66,-38.27,141.97,287.22,7.7
345,596473,Pabradė,LT,1592446226,0,68,55.0,25.78,292.59,2.6
346,260895,Karpathos,GR,1592446226,2,83,35.51,27.21,294.75,5.9
347,2057087,Kupang,ID,1592446226,20,55,-10.17,123.58,303.15,10.8
348,2246451,Saint-Louis,SN,1592446226,0,44,16.33,-15.0,303.05,5.93
349,3354247,Ondangwa,NA,1592446227,0,51,-17.92,15.95,288.15,3.1
350,3664078,Humaitá,BR,1592446227,62,81,-7.51,-63.02,297.59,0.62
351,1637001,Luwuk,ID,1592446025,35,74,-0.95,122.79,301.54,3.72
352,2139521,Noumea,NC,1592446063,90,69,-22.28,166.46,297.15,4.1
353,2121909,Poronaysk,RU,1592446228,100,93,49.22,143.12,281.27,3.68
354,4315067,Ascension,US,1592446228,40,69,30.22,-90.9,297.59,1.83
355,4845585,Westport,US,1592446228,40,88,41.14,-73.36,292.59,3.6
356,5746545,Portland,US,1592446284,75,40,45.52,-122.68,296.15,5.7
357,2523666,Quartucciu,IT,1592446229,0,88,39.25,9.18,292.04,3.1
358,1510689,Baykit,RU,1592446229,77,39,61.67,96.37,292.18,2.68
359,3984997,San Quintín,MX,1592446229,1,77,30.48,-115.95,291.44,5.25
360,3620266,Corn Island,NI,1592446229,91,82,12.17,-83.04,301.51,6.44
361,8079926,Labuhan,ID,1592446230,0,74,-6.88,112.21,301.3,2.7
362,1180729,Dalbandin,PK,1592446230,0,14,28.89,64.41,304.07,2.06
363,1526041,Atasū,KZ,1592446230,66,70,48.68,71.64,287.91,2.94
364,3698359,Chicama,PE,1592446231,8,80,-7.84,-79.15,291.51,2.65
365,3197710,Korčula,HR,1592446231,20,100,42.96,17.14,290.15,0.5
366,894239,Chegutu,ZW,1592446231,10,88,-18.13,30.14,281.39,3.9
367,1254444,Tindivanam,IN,1592446231,100,55,12.25,79.65,303.69,3.83
368,2065176,Murray Bridge,AU,1592446232,3,61,-35.12,139.27,290.37,1.79
369,2112309,Katsuura,JP,1592445959,100,65,35.13,140.3,298.15,3.8
370,3139597,Sistranda,NO,1592446232,20,100,63.73,8.83,284.15,2.1
371,5935341,Dauphin,CA,1592446232,1,82,51.15,-100.05,291.15,7.7
372,3925212,Cacoal,BR,1592446233,0,81,-11.44,-61.45,295.67,0.9
373,3894426,Coyhaique,CL,1592446233,100,93,-45.58,-72.07,276.15,2.1
374,3573374,The Valley,AI,1592446233,20,74,18.22,-63.06,301.48,5.1
375,3466641,Pojuca,BR,1592446233,90,94,-12.42,-38.33,297.15,5.7
376,2232239,Edéa,CM,1592446234,40,100,3.8,10.13,297.15,1.0
377,778707,Mehamn,NO,1592446168,89,66,71.04,27.85,283.46,3.1
378,3421319,Nuuk,GL,1592446234,82,81,64.18,-51.72,277.04,0.89
379,3671387,Puerto Nariño,CO,1592446235,36,91,-3.77,-70.38,296.06,0.35
380,2018735,Nyurba,RU,1592446235,99,78,63.28,118.33,288.02,3.3
381,2122783,Katangli,RU,1592446235,100,93,51.71,143.23,279.27,5.67
382,1503153,Klyuchi,RU,1592446235,100,51,52.27,79.17,291.42,4.55
383,140951,Behbahān,IR,1592446236,0,38,30.6,50.24,296.15,2.67
384,2180815,Tuatapere,NZ,1592446236,8,68,-46.13,167.68,280.92,2.92
385,3389321,Santa Rita,BR,1592446236,5,94,-7.11,-34.98,295.15,2.6
386,933366,Maun,BW,1592446236,0,66,-19.98,23.42,285.15,4.6
387,2063039,Port Keats,AU,1592446237,0,41,-14.25,129.55,303.01,4.53
388,1002145,George,ZA,1592446237,0,34,-33.96,22.46,291.15,1.5
389,563534,El'brus,RU,1592446237,100,58,43.26,42.64,283.95,1.06
390,3901969,Urubichá,BO,1592446238,6,70,-15.38,-62.95,295.24,1.39
391,1218420,Seydi,TM,1592446238,0,20,39.48,62.91,297.33,5.21
392,1525798,Balkhash,KZ,1592446238,0,48,46.84,74.98,290.15,8.0
393,3654533,Machala,EC,1592445848,65,86,-3.27,-79.97,296.32,2.52
394,1512019,Aksarka,RU,1592446238,89,69,66.56,67.8,278.1,3.52
395,3372760,Praia da Vitória,PT,1592446239,75,88,38.73,-27.07,290.15,3.52
396,556268,Ostrovnoy,RU,1592446239,23,73,68.05,39.51,280.58,4.71
397,1851462,Sukumo,JP,1592446239,100,94,32.93,132.73,292.1,4.53
398,86049,Jalu,LY,1592446240,0,63,29.03,21.55,293.31,4.38
399,1636426,Manggar,ID,1592446240,100,79,-2.88,108.27,301.3,5.73
400,1248991,Colombo,LK,1592445984,40,79,6.93,79.85,302.15,1.5
401,5044290,Saint Anthony,US,1592446240,1,39,45.02,-93.22,302.15,6.2
402,1714733,Dingle,PH,1592446241,100,63,11.0,122.67,303.9,2.07
403,3372783,Ponta Delgada,PT,1592446241,40,77,37.73,-25.67,290.15,2.1
404,2126199,Cherskiy,RU,1592445954,100,24,68.75,161.3,299.96,1.98
405,118191,Rūdsar,IR,1592446241,20,78,37.14,50.29,297.15,2.1
406,1485997,Yeniseysk,RU,1592446241,0,46,58.45,92.17,291.03,5.24
407,2643044,Margate,GB,1592446242,100,99,51.38,1.39,288.15,0.45
408,5975004,High Level,CA,1592446066,75,67,58.52,-117.14,288.15,4.1
409,3141310,Rørvik,NO,1592446242,77,83,64.86,11.24,285.67,4.02
410,214614,Kamina,CD,1592446242,4,66,-8.74,24.99,286.13,2.06
411,1789647,Xichang,CN,1592446243,100,77,27.9,102.26,292.01,0.78
412,4944903,Nantucket,US,1592446243,90,94,41.28,-70.1,288.15,2.6
413,5000950,Marquette,US,1592446121,0,57,46.53,-87.63,297.04,4.3
414,2521436,Azuaga,ES,1592446243,0,64,38.27,-5.68,287.59,3.13
415,110690,Faya,SA,1592446244,95,30,18.39,42.45,297.15,3.92
416,4392354,Jasper,US,1592446244,1,54,37.2,-94.35,301.15,4.1
417,2013465,Verkhoyansk,RU,1592446244,24,27,67.54,133.38,300.38,5.21
418,6096551,Pangnirtung,CA,1592446025,57,83,66.15,-65.71,275.18,0.87
419,1506268,Gornopravdinsk,RU,1592446245,45,53,60.05,69.9,283.1,3.38
420,2950159,Berlin,DE,1592445915,83,60,52.52,13.41,293.71,2.1
421,2525362,Carbonia,IT,1592446246,5,93,39.17,8.52,292.04,2.6
422,2610343,Vestmanna,FO,1592446246,100,100,62.16,-7.17,282.15,1.14
423,352628,Maţāy,EG,1592446246,0,70,28.42,30.78,293.7,4.38
424,1651103,Atambua,ID,1592446246,100,59,-9.11,124.89,300.33,2.09
425,3872348,San Bernardo,CL,1592446247,75,81,-33.6,-70.72,281.15,2.6
426,1802550,Longkou,CN,1592446247,100,83,37.65,120.33,293.77,3.18
427,174726,Saravan,AM,1592446247,0,68,39.72,45.65,292.15,2.51
428,3686907,Cerrito,CO,1592446024,88,86,6.84,-72.69,283.47,2.27
429,3622716,Nicoya,CR,1592446247,99,89,10.15,-85.45,298.44,0.62
430,3981391,Tomatlán,MX,1592446248,0,57,19.93,-105.25,299.68,2.14
431,2210560,Şurmān,LY,1592446248,0,23,32.76,12.57,302.14,5.41
432,5364271,Laguna,US,1592446248,1,15,38.42,-121.42,305.15,6.2
433,352733,Marsá Maţrūḩ,EG,1592446248,40,73,31.35,27.25,294.15,5.1
434,3924668,Abapó,BO,1592446249,79,75,-18.83,-63.47,290.51,0.67
435,2629833,Husavik,IS,1592446249,84,93,66.04,-17.34,278.15,5.1
436,2022317,Dormidontovka,RU,1592446249,100,82,47.77,134.91,286.48,4.22
437,3491161,Bull Savanna,JM,1592446249,97,84,17.89,-77.59,297.68,2.94
438,2216645,Hūn,LY,1592446250,0,31,29.13,15.95,295.6,4.39
439,2446796,Bilma,NE,1592446250,0,14,18.69,12.92,303.01,3.24
440,2037078,Hailar,CN,1592446250,16,57,49.2,119.7,294.75,3.78
441,2144604,Warragul,AU,1592446250,59,74,-38.17,145.93,287.59,1.34
442,701305,Mezhova,UA,1592446251,78,61,48.25,36.73,292.75,4.55
443,2071860,Esperance,AU,1592445986,90,76,-33.87,121.9,285.15,7.7
444,780687,Berlevåg,NO,1592446251,89,70,70.86,29.09,282.52,3.37
445,2192362,Christchurch,NZ,1592446251,100,100,-43.53,172.63,281.48,6.7
446,1735799,Sri Aman,MY,1592446252,40,100,1.24,111.46,297.15,1.0
447,3461789,Guarujá,BR,1592446252,0,98,-23.99,-46.26,294.26,0.45
448,2021017,Kysyl-Syr,RU,1592446252,6,46,63.9,122.76,298.53,3.48
449,2181625,Te Anau,NZ,1592446253,12,68,-45.42,167.72,279.25,3.49
450,2520493,Calvià,ES,1592446253,20,83,39.57,2.51,295.15,2.1
451,3190865,Sinj,HR,1592446253,22,88,43.7,16.64,290.15,0.5
452,3713959,Bocas del Toro,PA,1592446253,100,89,9.33,-82.25,292.04,3.32
453,1262824,Mon,IN,1592446143,100,96,26.75,95.1,295.44,0.99
454,1529660,Aksu,CN,1592446254,100,25,41.12,80.26,299.29,4.35
455,2632287,Dalvik,IS,1592446254,8,93,65.97,-18.53,278.15,5.1
456,3838859,Río Gallegos,AR,1592445996,20,100,-51.62,-69.22,270.15,0.5
457,2516394,Jaen,ES,1592446254,0,58,38.0,-3.5,292.59,1.34
458,3354898,Okahandja,NA,1592446255,0,56,-21.98,16.92,281.94,4.21
459,525426,Sobolevo,RU,1592445964,0,94,54.43,31.9,288.77,3.3
460,6255012,Flinders,AU,1592446248,94,64,-34.58,150.86,290.37,0.45
461,3530103,San Miguel de Cozumel,MX,1592446256,90,94,20.51,-86.95,299.82,1.5
462,2347758,Bara,NG,1592446256,100,79,10.37,10.73,297.56,4.86
463,5919850,Chapais,CA,1592446256,1,54,49.78,-74.85,299.15,2.1
464,2038067,Chifeng,CN,1592446023,100,54,42.27,118.96,293.29,2.11
465,2129961,Ichinohe,JP,1592446256,20,82,40.21,141.3,292.15,4.6
466,3421193,Paamiut,GL,1592446257,97,80,61.99,-49.67,276.12,0.79
467,2318123,Yenagoa,NG,1592446257,100,93,4.92,6.26,297.3,1.86
468,5969025,Haines Junction,CA,1592446254,84,45,60.75,-137.51,289.18,4.97
469,1054329,Vangaindrano,MG,1592446257,2,77,-23.35,47.6,289.99,0.91
470,159267,Ikungi,TZ,1592446258,25,80,-5.13,34.77,285.08,4.53
471,5134295,Rome,US,1592446250,1,59,43.21,-75.46,292.15,0.99
472,3985710,Cabo San Lucas,MX,1592446258,40,24,22.89,-109.91,306.15,7.2
473,3446619,Terenos,BR,1592446258,19,60,-20.44,-54.86,294.15,4.1
474,5380420,Pacifica,US,1592446258,1,27,37.61,-122.49,297.15,9.3
475,6144312,Sept-Îles,CA,1592446039,75,68,50.2,-66.38,295.15,2.1
476,1500399,Lokosovo,RU,1592446259,0,53,61.13,74.82,282.83,6.21
477,3452599,Posse,BR,1592446259,0,81,-14.09,-46.37,290.7,4.42
478,4032420,Neiafu,TO,1592446259,75,65,-18.65,-173.98,299.15,6.2
479,1787858,Shangrao,CN,1592446260,100,62,28.45,117.97,305.07,3.9
480,3356213,Khorixas,NA,1592446260,0,38,-20.37,14.97,288.19,6.06
481,2019867,Mokhsogollokh,RU,1592446260,0,31,61.47,128.92,297.83,4.58
482,1061412,Mananara,MG,1592446261,81,84,-16.17,49.77,293.17,5.24
483,159492,Ifakara,TZ,1592446261,56,59,-8.13,36.68,293.27,0.76
484,5742974,North Bend,US,1592446261,1,72,43.41,-124.22,294.82,12.3
485,286621,Salalah,OM,1592445971,75,89,17.02,54.09,302.15,1.5
486,1524801,Shīeli,KZ,1592446261,0,23,44.17,66.75,296.31,1.46
487,1809062,Haimen,CN,1592446262,75,100,23.19,116.61,299.15,3.0
488,2177069,Ballina,AU,1592445974,90,72,-28.87,153.57,293.15,7.7
489,1513491,Yangi Marg`ilon,UZ,1592445983,94,45,40.43,71.72,293.15,2.1
490,515966,Oksovskiy,RU,1592446263,0,61,62.61,39.9,282.75,1.06
491,5850554,Makakilo City,US,1592446263,20,51,21.35,-158.09,303.15,5.7
492,1527121,Tyup,KG,1592446263,1,58,42.73,78.36,287.77,1.23
493,64814,Bandarbeyla,SO,1592446264,100,61,9.49,50.81,301.27,13.32
494,3577154,Oranjestad,AW,1592446264,20,74,12.52,-70.03,301.15,9.8
495,2027044,Batagay,RU,1592446264,4,24,67.63,134.63,300.5,4.98
496,1150965,Ranong,TH,1592446264,100,94,9.97,98.63,298.15,1.12
497,3839307,Rawson,AR,1592445997,95,49,-43.3,-65.1,284.13,4.45
498,4764534,Hollins,US,1592446265,90,93,37.34,-79.94,291.15,0.68
499,5989403,Kapuskasing,CA,1592446265,20,36,49.42,-82.43,300.15,3.1
500,3471425,Arroio dos Ratos,BR,1592446265,100,93,-30.08,-51.73,294.26,4.1
501,3135728,Straumen,NO,1592446266,80,93,63.87,11.3,288.15,2.1
502,2449893,Tessalit,ML,1592446266,0,12,20.2,1.01,307.07,5.79
503,4031637,Lavrentiya,RU,1592446266,84,63,65.58,-171.0,283.5,2.36
504,3421719,Narsaq,GL,1592446247,98,65,60.92,-46.05,278.15,5.1
505,468983,Yarensk,RU,1592446266,0,69,62.17,49.09,282.16,1.49
506,2191562,Dunedin,NZ,1592446236,28,64,-45.87,170.5,281.48,5.36
507,2618795,Klaksvík,FO,1592446267,100,100,62.23,-6.59,282.15,2.68
508,1563281,Tuy Hoa,VN,1592446267,0,57,13.08,109.3,304.04,1.88
509,5972762,Hay River,CA,1592446267,75,54,60.82,-115.8,287.15,4.1
510,656739,Ilmajoki,FI,1592446268,75,100,62.73,22.57,289.82,1.14
511,1805270,Jishou,CN,1592446268,100,93,28.32,109.72,294.91,0.72
512,7601762,Bairiki Village,KI,1592446268,75,66,1.33,172.98,303.15,2.6
513,1623197,Tual,ID,1592446022,16,84,-5.67,132.75,300.28,8.81
514,2264923,Peniche,PT,1592446002,0,80,39.36,-9.38,289.82,2.68
515,347634,Ţahţā,EG,1592446269,0,22,26.77,31.5,305.15,4.6
516,6929460,Panzhihua,CN,1592446269,100,74,26.59,101.71,298.13,1.19
517,1737486,Bintulu,MY,1592446041,90,94,3.17,113.03,299.15,1.5
518,3158300,Elverum,NO,1592446270,0,89,60.88,11.56,284.26,0.45
519,1259385,Port Blair,IN,1592446270,99,79,11.67,92.75,302.15,6.01
520,934479,Grand Gaube,MU,1592446270,69,89,-20.01,57.66,293.15,4.47
521,2647984,Great Yarmouth,GB,1592446270,100,99,52.61,1.73,287.04,0.89
522,3895061,Chimbarongo,CL,1592446271,90,93,-34.7,-71.05,284.26,4.6
523,5055787,Kirksville,US,1592446271,1,57,40.19,-92.58,297.15,3.6
524,934649,Cap Malheureux,MU,1592446271,60,89,-19.98,57.61,293.15,4.47
525,3792383,Agustin Codazzi,CO,1592446271,51,89,10.03,-73.24,297.28,1.39
526,4852832,Council Bluffs,US,1592445988,1,58,41.26,-95.86,303.15,7.7
527,3359638,Walvis Bay,NA,1592446272,0,26,-22.96,14.51,297.15,8.2
528,2034400,Tongliao,CN,1592446272,100,40,43.61,122.27,298.35,3.92
529,485660,Tsimmerbude,RU,1592446272,77,93,54.67,20.13,290.15,4.0
530,3347019,Mossamedes,AO,1592446273,0,55,-15.2,12.15,294.98,1.92
531,197745,Garissa,KE,1592446273,9,67,-0.45,39.64,296.26,7.47
532,1508285,Chemal,RU,1592446273,100,83,51.41,86.0,288.0,2.47
533,5392900,Santa Ana,US,1592446248,1,60,33.75,-117.87,296.48,4.6
534,1687894,Santa Rosa,PH,1592446161,20,55,14.31,121.11,307.59,1.0
535,2013258,Vrangel',RU,1592446274,96,81,42.73,133.08,288.16,5.13
536,2685750,Östersund,SE,1592446274,100,100,63.18,14.64,286.15,1.5
537,1280037,Shache,CN,1592446274,0,22,38.42,77.24,299.28,2.72
538,1220197,Varzob,TJ,1592446275,0,46,38.77,68.82,296.15,4.0
539,610864,Khani,GE,1592446275,100,93,41.96,42.96,292.15,0.5
540,623760,Pastavy,BY,1592446275,0,94,55.12,26.83,289.8,2.79
541,3929631,San Isidro,PE,1592446275,90,77,-12.12,-77.05,291.15,2.1
542,341397,Burē,ET,1592446024,100,95,10.7,37.07,286.59,0.42
543,5870133,Nome,US,1592446276,40,52,64.5,-165.41,296.48,5.7
544,6355222,Yulara,AU,1592446276,0,28,-25.24,130.99,288.15,3.1
545,2014078,Urusha,RU,1592446277,100,37,54.05,122.9,293.93,4.19
546,2229752,Kumba,CM,1592446277,96,95,4.64,9.45,295.42,0.38
547,4224413,Statesboro,US,1592446277,1,82,32.45,-81.78,294.15,2.05
548,1071296,Antalaha,MG,1592446278,80,79,-14.9,50.28,293.67,4.54
549,2122614,Okha,RU,1592446278,100,90,53.57,142.95,278.57,4.72
550,2636790,Stornoway,GB,1592446278,39,93,58.21,-6.39,285.15,1.5
551,286245,Sur,OM,1592446005,81,60,22.57,59.53,303.58,5.08
552,3391287,Prainha,BR,1592446279,89,79,-1.8,-53.48,298.38,0.9
553,3843123,Neuquén,AR,1592446279,19,70,-38.95,-68.06,280.15,2.6
554,6144195,Senneterre,CA,1592446279,20,39,48.38,-77.23,300.15,3.6
555,3598787,Champerico,GT,1592446279,100,75,14.3,-91.92,300.26,2.31
556,2015701,Taksimo,RU,1592446280,14,42,56.34,114.88,291.33,0.83
557,4328010,Houma,US,1592446200,1,65,29.6,-90.72,299.26,1.5
558,4842898,Shelton,US,1592446280,40,88,41.32,-73.09,292.59,3.6
559,536200,Leningradskaya,RU,1592446280,2,75,46.32,39.39,291.36,4.06
560,3932145,Pisco,PE,1592446209,3,88,-13.7,-76.22,290.15,4.6
561,1854868,Nyūzen,JP,1592446281,100,61,36.93,137.5,301.48,0.5
562,129512,Kalāleh,IR,1592446281,0,73,37.38,55.49,294.15,1.0
